1.0.5.0
0	1	0	1	1	
1	1	1	1	0	
1	1	1	1	0	
0	1	1	1	0	
1	1	1	1	1	
1.0.5.1
0	1	0	1	1	
1	1	1	1	0	
1	1	1	1	0	
0	1	1	1	0	
1	1	1	1	1	
1.0.5.2
0	1	0	1	1	
1	1	1	1	0	
1	1	1	1	0	
0	1	1	1	0	
1	1	1	1	1	
1.0.5.3
0	1	0	1	1	
1	1	1	1	0	
1	1	1	1	0	
0	1	1	1	0	
1	1	1	1	1	
1.0.4.0
0	1	0	1	1	
1	1	1	1	0	
1	1	1	1	0	
0	1	1	1	0	
1	1	1	1	1	
1.0.4.1
0	1	0	1	1	
1	1	1	1	0	
1	1	1	1	0	
0	1	1	1	0	
1	1	1	1	1	
1.0.4.2
0	1	0	1	1	
1	1	1	1	0	
1	1	1	1	0	
0	1	1	1	0	
1	1	1	1	1	
1.0.4.3
0	1	0	1	1	
1	1	1	1	0	
1	1	1	1	0	
0	1	1	1	0	
1	1	1	1	1	
1.0.3.0
0	1	0	1	1	
1	1	1	1	0	
1	1	1	1	0	
0	1	1	1	0	
1	1	1	1	1	
1.0.3.1
0	1	0	1	1	
1	1	1	1	0	
1	1	1	1	0	
0	1	1	1	0	
1	1	1	1	1	
1.0.3.2
0	1	0	1	1	
1	1	1	1	0	
1	1	1	1	0	
0	1	1	1	0	
1	1	1	1	1	
1.0.3.3
0	1	0	1	1	
1	1	1	1	0	
1	1	1	1	0	
0	1	1	1	0	
1	1	1	1	1	
1.0.2.0
0	1	0	1	1	
1	1	1	1	0	
1	1	1	1	0	
0	1	1	1	0	
1	1	1	1	1	
1.0.2.1
0	1	0	1	1	
1	1	1	1	0	
1	1	1	1	0	
0	1	1	1	0	
1	1	1	1	1	
1.0.2.2
0	1	0	1	1	
1	1	1	1	0	
1	1	1	1	0	
0	1	1	1	0	
1	1	1	1	1	
1.0.2.3
0	1	0	1	1	
1	1	1	1	0	
1	1	1	1	0	
0	1	1	1	0	
1	1	1	1	1	
1.1.5.0
0	1	0	1	1	
1	1	1	1	0	
1	1	1	1	0	
0	1	1	1	0	
1	1	1	1	1	
1.1.5.1
0	1	0	1	1	
1	1	1	1	0	
1	1	1	1	0	
0	1	1	1	0	
1	1	1	1	1	
1.1.5.2
0	1	0	1	1	
1	1	1	1	0	
1	1	1	1	0	
0	1	1	1	0	
1	1	1	1	1	
1.1.5.3
0	1	0	1	1	
1	1	1	1	0	
1	1	1	1	0	
0	1	1	1	0	
1	1	1	1	1	
1.1.4.0
0	1	0	1	1	
1	1	1	1	0	
1	1	1	1	0	
0	1	1	1	0	
1	1	1	1	1	
1.1.4.1
0	1	0	1	1	
1	1	1	1	0	
1	1	1	1	0	
0	1	1	1	0	
1	1	1	1	1	
1.1.4.2
0	1	0	1	1	
1	1	1	1	0	
1	1	1	1	0	
0	1	1	1	0	
1	1	1	1	1	
1.1.4.3
0	1	0	1	1	
1	1	1	1	0	
1	1	1	1	0	
0	1	1	1	0	
1	1	1	1	1	
1.1.3.0
0	1	0	1	1	
1	1	1	1	0	
1	1	1	1	0	
0	1	1	1	0	
1	1	1	1	1	
1.1.3.1
0	1	0	1	1	
1	1	1	1	0	
1	1	1	1	0	
0	1	1	1	0	
1	1	1	1	1	
1.1.3.2
0	1	0	1	1	
1	1	1	1	0	
1	1	1	1	0	
0	1	1	1	0	
1	1	1	1	1	
1.1.3.3
0	1	0	1	1	
1	1	1	1	0	
1	1	1	1	0	
0	1	1	1	0	
1	1	1	1	1	
1.1.2.0
0	1	0	1	1	
1	1	1	1	0	
1	1	1	1	0	
0	1	1	1	0	
1	1	1	1	1	
1.1.2.1
0	1	0	1	1	
1	1	1	1	0	
1	1	1	1	0	
0	1	1	1	0	
1	1	1	1	1	
1.1.2.2
0	1	0	1	1	
1	1	1	1	0	
1	1	1	1	0	
0	1	1	1	0	
1	1	1	1	1	
1.1.2.3
0	1	0	1	1	
1	1	1	1	0	
1	1	1	1	0	
0	1	1	1	0	
1	1	1	1	1	
1.2.5.0
0	1	0	1	1	
1	1	1	1	0	
1	1	1	1	0	
0	1	1	1	0	
1	1	1	1	1	
1.2.5.1
0	1	0	1	1	
1	1	1	1	0	
1	1	1	1	0	
0	1	1	1	0	
1	1	1	1	1	
1.2.5.2
0	1	0	1	1	
1	1	1	1	0	
1	1	1	1	0	
0	1	1	1	0	
1	1	1	1	1	
1.2.5.3
0	1	0	1	1	
1	1	1	1	0	
1	1	1	1	0	
0	1	1	1	0	
1	1	1	1	1	
1.2.4.0
0	1	0	1	1	
1	1	1	1	0	
1	1	1	1	0	
0	1	1	1	0	
1	1	1	1	1	
1.2.4.1
0	1	0	1	1	
1	1	1	1	0	
1	1	1	1	0	
0	1	1	1	0	
1	1	1	1	1	
1.2.4.2
0	1	0	1	1	
1	1	1	1	0	
1	1	1	1	0	
0	1	1	1	0	
1	1	1	1	1	
1.2.4.3
0	1	0	1	1	
1	1	1	1	0	
1	1	1	1	0	
0	1	1	1	0	
1	1	1	1	1	
1.2.3.0
0	1	0	1	1	
1	1	1	1	0	
1	1	1	1	0	
0	1	1	1	0	
1	1	1	1	1	
1.2.3.1
0	1	0	1	1	
1	1	1	1	0	
1	1	1	1	0	
0	1	1	1	0	
1	1	1	1	1	
1.2.3.2
0	1	0	1	1	
1	1	1	1	0	
1	1	1	1	0	
0	1	1	1	0	
1	1	1	1	1	
1.2.3.3
0	1	0	1	1	
1	1	1	1	0	
1	1	1	1	0	
0	1	1	1	0	
1	1	1	1	1	
1.2.2.0
0	1	0	1	1	
1	1	1	1	0	
1	1	1	1	0	
0	1	1	1	0	
1	1	1	1	1	
1.2.2.1
0	1	0	1	1	
1	1	1	1	0	
1	1	1	1	0	
0	1	1	1	0	
1	1	1	1	1	
1.2.2.2
0	1	0	1	1	
1	1	1	1	0	
1	1	1	1	0	
0	1	1	1	0	
1	1	1	1	1	
1.2.2.3
0	1	0	1	1	
1	1	1	1	0	
1	1	1	1	0	
0	1	1	1	0	
1	1	1	1	1	
1.3.5.0
0	1	0	1	1	
1	1	1	1	0	
1	1	1	1	0	
0	1	1	1	0	
1	1	1	1	1	
1.3.5.1
0	1	0	1	1	
1	1	1	1	0	
1	1	1	1	0	
0	1	1	1	0	
1	1	1	1	1	
1.3.5.2
0	1	0	1	1	
1	1	1	1	0	
1	1	1	1	0	
0	1	1	1	0	
1	1	1	1	1	
1.3.5.3
0	1	0	1	1	
1	1	1	1	0	
1	1	1	1	0	
0	1	1	1	0	
1	1	1	1	1	
1.3.4.0
0	1	0	1	1	
1	1	1	1	0	
1	1	1	1	0	
0	1	1	1	0	
1	1	1	1	1	
1.3.4.1
0	1	0	1	1	
1	1	1	1	0	
1	1	1	1	0	
0	1	1	1	0	
1	1	1	1	1	
1.3.4.2
0	1	0	1	1	
1	1	1	1	0	
1	1	1	1	0	
0	1	1	1	0	
1	1	1	1	1	
1.3.4.3
0	1	0	1	1	
1	1	1	1	0	
1	1	1	1	0	
0	1	1	1	0	
1	1	1	1	1	
1.3.3.0
0	1	0	1	1	
1	1	1	1	0	
1	1	1	1	0	
0	1	1	1	0	
1	1	1	1	1	
1.3.3.1
0	1	0	1	1	
1	1	1	1	0	
1	1	1	1	0	
0	1	1	1	0	
1	1	1	1	1	
1.3.3.2
0	1	0	1	1	
1	1	1	1	0	
1	1	1	1	0	
0	1	1	1	0	
1	1	1	1	1	
1.3.3.3
0	1	0	1	1	
1	1	1	1	0	
1	1	1	1	0	
0	1	1	1	0	
1	1	1	1	1	
1.3.2.0
0	1	0	1	1	
1	1	1	1	0	
1	1	1	1	0	
0	1	1	1	0	
1	1	1	1	1	
1.3.2.1
0	1	0	1	1	
1	1	1	1	0	
1	1	1	1	0	
0	1	1	1	0	
1	1	1	1	1	
1.3.2.2
0	1	0	1	1	
1	1	1	1	0	
1	1	1	1	0	
0	1	1	1	0	
1	1	1	1	1	
1.3.2.3
0	1	0	1	1	
1	1	1	1	0	
1	1	1	1	0	
0	1	1	1	0	
1	1	1	1	1	
2.0.5.0
1	0	1	1	1	
1	0	0	1	1	
1	1	0	1	1	
1	1	0	1	0	
1	1	1	1	1	
2.0.5.1
1	0	1	1	1	
1	0	0	1	1	
1	1	0	1	1	
1	1	0	1	0	
1	1	1	1	1	
2.0.5.2
1	0	1	1	1	
1	0	0	1	1	
1	1	0	1	1	
1	1	0	1	0	
1	1	1	1	1	
2.0.5.3
1	0	1	1	1	
1	0	0	1	1	
1	1	0	1	1	
1	1	0	1	0	
1	1	1	1	1	
2.0.4.0
1	0	1	1	1	
1	0	0	1	1	
1	1	0	1	1	
1	1	0	1	0	
1	1	1	1	1	
2.0.4.1
1	0	1	1	1	
1	0	0	1	1	
1	1	0	1	1	
1	1	0	1	0	
1	1	1	1	1	
2.0.4.2
1	0	1	1	1	
1	0	0	1	1	
1	1	0	1	1	
1	1	0	1	0	
1	1	1	1	1	
2.0.4.3
1	0	1	1	1	
1	0	0	1	1	
1	1	0	1	1	
1	1	0	1	0	
1	1	1	1	1	
2.0.3.0
1	0	1	1	1	
1	0	0	1	1	
1	1	0	1	1	
1	1	0	1	0	
1	1	1	1	1	
2.0.3.1
1	0	1	1	1	
1	0	0	1	1	
1	1	0	1	1	
1	1	0	1	0	
1	1	1	1	1	
2.0.3.2
1	0	1	1	1	
1	0	0	1	1	
1	1	0	1	1	
1	1	0	1	0	
1	1	1	1	1	
2.0.3.3
1	0	1	1	1	
1	0	0	1	1	
1	1	0	1	1	
1	1	0	1	0	
1	1	1	1	1	
2.0.2.0
1	0	1	1	1	
1	0	0	1	1	
1	1	0	1	1	
1	1	0	1	0	
1	1	1	1	1	
2.0.2.1
1	0	1	1	1	
1	0	0	1	1	
1	1	0	1	1	
1	1	0	1	0	
1	1	1	1	1	
2.0.2.2
1	0	1	1	1	
1	0	0	1	1	
1	1	0	1	1	
1	1	0	1	0	
1	1	1	1	1	
2.0.2.3
1	0	1	1	1	
1	0	0	1	1	
1	1	0	1	1	
1	1	0	1	0	
1	1	1	1	1	
2.1.5.0
1	0	1	1	1	
1	0	0	1	1	
1	1	0	1	1	
1	1	0	1	0	
1	1	1	1	1	
2.1.5.1
1	0	1	1	1	
1	0	0	1	1	
1	1	0	1	1	
1	1	0	1	0	
1	1	1	1	1	
2.1.5.2
1	0	1	1	1	
1	0	0	1	1	
1	1	0	1	1	
1	1	0	1	0	
1	1	1	1	1	
2.1.5.3
1	0	1	1	1	
1	0	0	1	1	
1	1	0	1	1	
1	1	0	1	0	
1	1	1	1	1	
2.1.4.0
1	0	1	1	1	
1	0	0	1	1	
1	1	0	1	1	
1	1	0	1	0	
1	1	1	1	1	
2.1.4.1
1	0	1	1	1	
1	0	0	1	1	
1	1	0	1	1	
1	1	0	1	0	
1	1	1	1	1	
2.1.4.2
1	0	1	1	1	
1	0	0	1	1	
1	1	0	1	1	
1	1	0	1	0	
1	1	1	1	1	
2.1.4.3
1	0	1	1	1	
1	0	0	1	1	
1	1	0	1	1	
1	1	0	1	0	
1	1	1	1	1	
2.1.3.0
1	0	1	1	1	
1	0	0	1	1	
1	1	0	1	1	
1	1	0	1	0	
1	1	1	1	1	
2.1.3.1
1	0	1	1	1	
1	0	0	1	1	
1	1	0	1	1	
1	1	0	1	0	
1	1	1	1	1	
2.1.3.2
1	0	1	1	1	
1	0	0	1	1	
1	1	0	1	1	
1	1	0	1	0	
1	1	1	1	1	
2.1.3.3
1	0	1	1	1	
1	0	0	1	1	
1	1	0	1	1	
1	1	0	1	0	
1	1	1	1	1	
2.1.2.0
1	0	1	1	1	
1	0	0	1	1	
1	1	0	1	1	
1	1	0	1	0	
1	1	1	1	1	
2.1.2.1
1	0	1	1	1	
1	0	0	1	1	
1	1	0	1	1	
1	1	0	1	0	
1	1	1	1	1	
2.1.2.2
1	0	1	1	1	
1	0	0	1	1	
1	1	0	1	1	
1	1	0	1	0	
1	1	1	1	1	
2.1.2.3
1	0	1	1	1	
1	0	0	1	1	
1	1	0	1	1	
1	1	0	1	0	
1	1	1	1	1	
2.2.5.0
1	0	1	1	1	
1	0	0	1	1	
1	1	0	1	1	
1	1	0	1	0	
1	1	1	1	1	
2.2.5.1
1	0	1	1	1	
1	0	0	1	1	
1	1	0	1	1	
1	1	0	1	0	
1	1	1	1	1	
2.2.5.2
1	0	1	1	1	
1	0	0	1	1	
1	1	0	1	1	
1	1	0	1	0	
1	1	1	1	1	
2.2.5.3
1	0	1	1	1	
1	0	0	1	1	
1	1	0	1	1	
1	1	0	1	0	
1	1	1	1	1	
2.2.4.0
1	0	1	1	1	
1	0	0	1	1	
1	1	0	1	1	
1	1	0	1	0	
1	1	1	1	1	
2.2.4.1
1	0	1	1	1	
1	0	0	1	1	
1	1	0	1	1	
1	1	0	1	0	
1	1	1	1	1	
2.2.4.2
1	0	1	1	1	
1	0	0	1	1	
1	1	0	1	1	
1	1	0	1	0	
1	1	1	1	1	
2.2.4.3
1	0	1	1	1	
1	0	0	1	1	
1	1	0	1	1	
1	1	0	1	0	
1	1	1	1	1	
2.2.3.0
1	0	1	1	1	
1	0	0	1	1	
1	1	0	1	1	
1	1	0	1	0	
1	1	1	1	1	
2.2.3.1
1	0	1	1	1	
1	0	0	1	1	
1	1	0	1	1	
1	1	0	1	0	
1	1	1	1	1	
2.2.3.2
1	0	1	1	1	
1	0	0	1	1	
1	1	0	1	1	
1	1	0	1	0	
1	1	1	1	1	
2.2.3.3
1	0	1	1	1	
1	0	0	1	1	
1	1	0	1	1	
1	1	0	1	0	
1	1	1	1	1	
2.2.2.0
1	0	1	1	1	
1	0	0	1	1	
1	1	0	1	1	
1	1	0	1	0	
1	1	1	1	1	
2.2.2.1
1	0	1	1	1	
1	0	0	1	1	
1	1	0	1	1	
1	1	0	1	0	
1	1	1	1	1	
2.2.2.2
1	0	1	1	1	
1	0	0	1	1	
1	1	0	1	1	
1	1	0	1	0	
1	1	1	1	1	
2.2.2.3
1	0	1	1	1	
1	0	0	1	1	
1	1	0	1	1	
1	1	0	1	0	
1	1	1	1	1	
2.3.5.0
1	0	1	1	1	
1	0	0	1	1	
1	1	0	1	1	
1	1	0	1	0	
1	1	1	1	1	
2.3.5.1
1	0	1	1	1	
1	0	0	1	1	
1	1	0	1	1	
1	1	0	1	0	
1	1	1	1	1	
2.3.5.2
1	0	1	1	1	
1	0	0	1	1	
1	1	0	1	1	
1	1	0	1	0	
1	1	1	1	1	
2.3.5.3
1	0	1	1	1	
1	0	0	1	1	
1	1	0	1	1	
1	1	0	1	0	
1	1	1	1	1	
2.3.4.0
1	0	1	1	1	
1	0	0	1	1	
1	1	0	1	1	
1	1	0	1	0	
1	1	1	1	1	
2.3.4.1
1	0	1	1	1	
1	0	0	1	1	
1	1	0	1	1	
1	1	0	1	0	
1	1	1	1	1	
2.3.4.2
1	0	1	1	1	
1	0	0	1	1	
1	1	0	1	1	
1	1	0	1	0	
1	1	1	1	1	
2.3.4.3
1	0	1	1	1	
1	0	0	1	1	
1	1	0	1	1	
1	1	0	1	0	
1	1	1	1	1	
2.3.3.0
1	0	1	1	1	
1	0	0	1	1	
1	1	0	1	1	
1	1	0	1	0	
1	1	1	1	1	
2.3.3.1
1	0	1	1	1	
1	0	0	1	1	
1	1	0	1	1	
1	1	0	1	0	
1	1	1	1	1	
2.3.3.2
1	0	1	1	1	
1	0	0	1	1	
1	1	0	1	1	
1	1	0	1	0	
1	1	1	1	1	
2.3.3.3
1	0	1	1	1	
1	0	0	1	1	
1	1	0	1	1	
1	1	0	1	0	
1	1	1	1	1	
2.3.2.0
1	0	1	1	1	
1	0	0	1	1	
1	1	0	1	1	
1	1	0	1	0	
1	1	1	1	1	
2.3.2.1
1	0	1	1	1	
1	0	0	1	1	
1	1	0	1	1	
1	1	0	1	0	
1	1	1	1	1	
2.3.2.2
1	0	1	1	1	
1	0	0	1	1	
1	1	0	1	1	
1	1	0	1	0	
1	1	1	1	1	
2.3.2.3
1	0	1	1	1	
1	0	0	1	1	
1	1	0	1	1	
1	1	0	1	0	
1	1	1	1	1	
3.0.5.0
1	1	1	1	1	
0	1	0	1	0	
0	1	1	1	1	
1	1	1	1	0	
1	1	1	1	0	
3.0.5.1
1	1	1	1	1	
0	1	0	1	0	
0	1	1	1	1	
1	1	1	1	0	
1	1	1	1	0	
3.0.5.2
1	1	1	1	1	
0	1	0	1	0	
0	1	1	1	1	
1	1	1	1	0	
1	1	1	1	0	
3.0.5.3
1	1	1	1	1	
0	1	0	1	0	
0	1	1	1	1	
1	1	1	1	0	
1	1	1	1	0	
3.0.4.0
1	1	1	1	1	
0	1	0	1	0	
0	1	1	1	1	
1	1	1	1	0	
1	1	1	1	0	
3.0.4.1
1	1	1	1	1	
0	1	0	1	0	
0	1	1	1	1	
1	1	1	1	0	
1	1	1	1	0	
3.0.4.2
1	1	1	1	1	
0	1	0	1	0	
0	1	1	1	1	
1	1	1	1	0	
1	1	1	1	0	
3.0.4.3
1	1	1	1	1	
0	1	0	1	0	
0	1	1	1	1	
1	1	1	1	0	
1	1	1	1	0	
3.0.3.0
1	1	1	1	1	
0	1	0	1	0	
0	1	1	1	1	
1	1	1	1	0	
1	1	1	1	0	
3.0.3.1
1	1	1	1	1	
0	1	0	1	0	
0	1	1	1	1	
1	1	1	1	0	
1	1	1	1	0	
3.0.3.2
1	1	1	1	1	
0	1	0	1	0	
0	1	1	1	1	
1	1	1	1	0	
1	1	1	1	0	
3.0.3.3
1	1	1	1	1	
0	1	0	1	0	
0	1	1	1	1	
1	1	1	1	0	
1	1	1	1	0	
3.0.2.0
1	1	1	1	1	
0	1	0	1	0	
0	1	1	1	1	
1	1	1	1	0	
1	1	1	1	0	
3.0.2.1
1	1	1	1	1	
0	1	0	1	0	
0	1	1	1	1	
1	1	1	1	0	
1	1	1	1	0	
3.0.2.2
1	1	1	1	1	
0	1	0	1	0	
0	1	1	1	1	
1	1	1	1	0	
1	1	1	1	0	
3.0.2.3
1	1	1	1	1	
0	1	0	1	0	
0	1	1	1	1	
1	1	1	1	0	
1	1	1	1	0	
3.1.5.0
1	1	1	1	1	
0	1	0	1	0	
0	1	1	1	1	
1	1	1	1	0	
1	1	1	1	0	
3.1.5.1
1	1	1	1	1	
0	1	0	1	0	
0	1	1	1	1	
1	1	1	1	0	
1	1	1	1	0	
3.1.5.2
1	1	1	1	1	
0	1	0	1	0	
0	1	1	1	1	
1	1	1	1	0	
1	1	1	1	0	
3.1.5.3
1	1	1	1	1	
0	1	0	1	0	
0	1	1	1	1	
1	1	1	1	0	
1	1	1	1	0	
3.1.4.0
1	1	1	1	1	
0	1	0	1	0	
0	1	1	1	1	
1	1	1	1	0	
1	1	1	1	0	
3.1.4.1
1	1	1	1	1	
0	1	0	1	0	
0	1	1	1	1	
1	1	1	1	0	
1	1	1	1	0	
3.1.4.2
1	1	1	1	1	
0	1	0	1	0	
0	1	1	1	1	
1	1	1	1	0	
1	1	1	1	0	
3.1.4.3
1	1	1	1	1	
0	1	0	1	0	
0	1	1	1	1	
1	1	1	1	0	
1	1	1	1	0	
3.1.3.0
1	1	1	1	1	
0	1	0	1	0	
0	1	1	1	1	
1	1	1	1	0	
1	1	1	1	0	
3.1.3.1
1	1	1	1	1	
0	1	0	1	0	
0	1	1	1	1	
1	1	1	1	0	
1	1	1	1	0	
3.1.3.2
1	1	1	1	1	
0	1	0	1	0	
0	1	1	1	1	
1	1	1	1	0	
1	1	1	1	0	
3.1.3.3
1	1	1	1	1	
0	1	0	1	0	
0	1	1	1	1	
1	1	1	1	0	
1	1	1	1	0	
3.1.2.0
1	1	1	1	1	
0	1	0	1	0	
0	1	1	1	1	
1	1	1	1	0	
1	1	1	1	0	
3.1.2.1
1	1	1	1	1	
0	1	0	1	0	
0	1	1	1	1	
1	1	1	1	0	
1	1	1	1	0	
3.1.2.2
1	1	1	1	1	
0	1	0	1	0	
0	1	1	1	1	
1	1	1	1	0	
1	1	1	1	0	
3.1.2.3
1	1	1	1	1	
0	1	0	1	0	
0	1	1	1	1	
1	1	1	1	0	
1	1	1	1	0	
3.2.5.0
1	1	1	1	1	
0	1	0	1	0	
0	1	1	1	1	
1	1	1	1	0	
1	1	1	1	0	
3.2.5.1
1	1	1	1	1	
0	1	0	1	0	
0	1	1	1	1	
1	1	1	1	0	
1	1	1	1	0	
3.2.5.2
1	1	1	1	1	
0	1	0	1	0	
0	1	1	1	1	
1	1	1	1	0	
1	1	1	1	0	
3.2.5.3
1	1	1	1	1	
0	1	0	1	0	
0	1	1	1	1	
1	1	1	1	0	
1	1	1	1	0	
3.2.4.0
1	1	1	1	1	
0	1	0	1	0	
0	1	1	1	1	
1	1	1	1	0	
1	1	1	1	0	
3.2.4.1
1	1	1	1	1	
0	1	0	1	0	
0	1	1	1	1	
1	1	1	1	0	
1	1	1	1	0	
3.2.4.2
1	1	1	1	1	
0	1	0	1	0	
0	1	1	1	1	
1	1	1	1	0	
1	1	1	1	0	
3.2.4.3
1	1	1	1	1	
0	1	0	1	0	
0	1	1	1	1	
1	1	1	1	0	
1	1	1	1	0	
3.2.3.0
1	1	1	1	1	
0	1	0	1	0	
0	1	1	1	1	
1	1	1	1	0	
1	1	1	1	0	
3.2.3.1
1	1	1	1	1	
0	1	0	1	0	
0	1	1	1	1	
1	1	1	1	0	
1	1	1	1	0	
3.2.3.2
1	1	1	1	1	
0	1	0	1	0	
0	1	1	1	1	
1	1	1	1	0	
1	1	1	1	0	
3.2.3.3
1	1	1	1	1	
0	1	0	1	0	
0	1	1	1	1	
1	1	1	1	0	
1	1	1	1	0	
3.2.2.0
1	1	1	1	1	
0	1	0	1	0	
0	1	1	1	1	
1	1	1	1	0	
1	1	1	1	0	
3.2.2.1
1	1	1	1	1	
0	1	0	1	0	
0	1	1	1	1	
1	1	1	1	0	
1	1	1	1	0	
3.2.2.2
1	1	1	1	1	
0	1	0	1	0	
0	1	1	1	1	
1	1	1	1	0	
1	1	1	1	0	
3.2.2.3
1	1	1	1	1	
0	1	0	1	0	
0	1	1	1	1	
1	1	1	1	0	
1	1	1	1	0	
3.3.5.0
1	1	1	1	1	
0	1	0	1	0	
0	1	1	1	1	
1	1	1	1	0	
1	1	1	1	0	
3.3.5.1
1	1	1	1	1	
0	1	0	1	0	
0	1	1	1	1	
1	1	1	1	0	
1	1	1	1	0	
3.3.5.2
1	1	1	1	1	
0	1	0	1	0	
0	1	1	1	1	
1	1	1	1	0	
1	1	1	1	0	
3.3.5.3
1	1	1	1	1	
0	1	0	1	0	
0	1	1	1	1	
1	1	1	1	0	
1	1	1	1	0	
3.3.4.0
1	1	1	1	1	
0	1	0	1	0	
0	1	1	1	1	
1	1	1	1	0	
1	1	1	1	0	
3.3.4.1
1	1	1	1	1	
0	1	0	1	0	
0	1	1	1	1	
1	1	1	1	0	
1	1	1	1	0	
3.3.4.2
1	1	1	1	1	
0	1	0	1	0	
0	1	1	1	1	
1	1	1	1	0	
1	1	1	1	0	
3.3.4.3
1	1	1	1	1	
0	1	0	1	0	
0	1	1	1	1	
1	1	1	1	0	
1	1	1	1	0	
3.3.3.0
1	1	1	1	1	
0	1	0	1	0	
0	1	1	1	1	
1	1	1	1	0	
1	1	1	1	0	
3.3.3.1
1	1	1	1	1	
0	1	0	1	0	
0	1	1	1	1	
1	1	1	1	0	
1	1	1	1	0	
3.3.3.2
1	1	1	1	1	
0	1	0	1	0	
0	1	1	1	1	
1	1	1	1	0	
1	1	1	1	0	
3.3.3.3
1	1	1	1	1	
0	1	0	1	0	
0	1	1	1	1	
1	1	1	1	0	
1	1	1	1	0	
3.3.2.0
1	1	1	1	1	
0	1	0	1	0	
0	1	1	1	1	
1	1	1	1	0	
1	1	1	1	0	
3.3.2.1
1	1	1	1	1	
0	1	0	1	0	
0	1	1	1	1	
1	1	1	1	0	
1	1	1	1	0	
3.3.2.2
1	1	1	1	1	
0	1	0	1	0	
0	1	1	1	1	
1	1	1	1	0	
1	1	1	1	0	
3.3.2.3
1	1	1	1	1	
0	1	0	1	0	
0	1	1	1	1	
1	1	1	1	0	
1	1	1	1	0	
4.0.5.0
1	1	1	0	0	
0	1	1	1	1	
1	1	1	1	1	
1	1	1	1	0	
0	0	1	1	1	
4.0.5.1
1	1	1	0	0	
0	1	1	1	1	
1	1	1	1	1	
1	1	1	1	0	
0	0	1	1	1	
4.0.5.2
1	1	1	0	0	
0	1	1	1	1	
1	1	1	1	1	
1	1	1	1	0	
0	0	1	1	1	
4.0.5.3
1	1	1	0	0	
0	1	1	1	1	
1	1	1	1	1	
1	1	1	1	0	
0	0	1	1	1	
4.0.4.0
1	1	1	0	0	
0	1	1	1	1	
1	1	1	1	1	
1	1	1	1	0	
0	0	1	1	1	
4.0.4.1
1	1	1	0	0	
0	1	1	1	1	
1	1	1	1	1	
1	1	1	1	0	
0	0	1	1	1	
4.0.4.2
1	1	1	0	0	
0	1	1	1	1	
1	1	1	1	1	
1	1	1	1	0	
0	0	1	1	1	
4.0.4.3
1	1	1	0	0	
0	1	1	1	1	
1	1	1	1	1	
1	1	1	1	0	
0	0	1	1	1	
4.0.3.0
1	1	1	0	0	
0	1	1	1	1	
1	1	1	1	1	
1	1	1	1	0	
0	0	1	1	1	
4.0.3.1
1	1	1	0	0	
0	1	1	1	1	
1	1	1	1	1	
1	1	1	1	0	
0	0	1	1	1	
4.0.3.2
1	1	1	0	0	
0	1	1	1	1	
1	1	1	1	1	
1	1	1	1	0	
0	0	1	1	1	
4.0.3.3
1	1	1	0	0	
0	1	1	1	1	
1	1	1	1	1	
1	1	1	1	0	
0	0	1	1	1	
4.0.2.0
1	1	1	0	0	
0	1	1	1	1	
1	1	1	1	1	
1	1	1	1	0	
0	0	1	1	1	
4.0.2.1
1	1	1	0	0	
0	1	1	1	1	
1	1	1	1	1	
1	1	1	1	0	
0	0	1	1	1	
4.0.2.2
1	1	1	0	0	
0	1	1	1	1	
1	1	1	1	1	
1	1	1	1	0	
0	0	1	1	1	
4.0.2.3
1	1	1	0	0	
0	1	1	1	1	
1	1	1	1	1	
1	1	1	1	0	
0	0	1	1	1	
4.1.5.0
1	1	1	0	0	
0	1	1	1	1	
1	1	1	1	1	
1	1	1	1	0	
0	0	1	1	1	
4.1.5.1
1	1	1	0	0	
0	1	1	1	1	
1	1	1	1	1	
1	1	1	1	0	
0	0	1	1	1	
4.1.5.2
1	1	1	0	0	
0	1	1	1	1	
1	1	1	1	1	
1	1	1	1	0	
0	0	1	1	1	
4.1.5.3
1	1	1	0	0	
0	1	1	1	1	
1	1	1	1	1	
1	1	1	1	0	
0	0	1	1	1	
4.1.4.0
1	1	1	0	0	
0	1	1	1	1	
1	1	1	1	1	
1	1	1	1	0	
0	0	1	1	1	
4.1.4.1
1	1	1	0	0	
0	1	1	1	1	
1	1	1	1	1	
1	1	1	1	0	
0	0	1	1	1	
4.1.4.2
1	1	1	0	0	
0	1	1	1	1	
1	1	1	1	1	
1	1	1	1	0	
0	0	1	1	1	
4.1.4.3
1	1	1	0	0	
0	1	1	1	1	
1	1	1	1	1	
1	1	1	1	0	
0	0	1	1	1	
4.1.3.0
1	1	1	0	0	
0	1	1	1	1	
1	1	1	1	1	
1	1	1	1	0	
0	0	1	1	1	
4.1.3.1
1	1	1	0	0	
0	1	1	1	1	
1	1	1	1	1	
1	1	1	1	0	
0	0	1	1	1	
4.1.3.2
1	1	1	0	0	
0	1	1	1	1	
1	1	1	1	1	
1	1	1	1	0	
0	0	1	1	1	
4.1.3.3
1	1	1	0	0	
0	1	1	1	1	
1	1	1	1	1	
1	1	1	1	0	
0	0	1	1	1	
4.1.2.0
1	1	1	0	0	
0	1	1	1	1	
1	1	1	1	1	
1	1	1	1	0	
0	0	1	1	1	
4.1.2.1
1	1	1	0	0	
0	1	1	1	1	
1	1	1	1	1	
1	1	1	1	0	
0	0	1	1	1	
4.1.2.2
1	1	1	0	0	
0	1	1	1	1	
1	1	1	1	1	
1	1	1	1	0	
0	0	1	1	1	
4.1.2.3
1	1	1	0	0	
0	1	1	1	1	
1	1	1	1	1	
1	1	1	1	0	
0	0	1	1	1	
4.2.5.0
1	1	1	0	0	
0	1	1	1	1	
1	1	1	1	1	
1	1	1	1	0	
0	0	1	1	1	
4.2.5.1
1	1	1	0	0	
0	1	1	1	1	
1	1	1	1	1	
1	1	1	1	0	
0	0	1	1	1	
4.2.5.2
1	1	1	0	0	
0	1	1	1	1	
1	1	1	1	1	
1	1	1	1	0	
0	0	1	1	1	
4.2.5.3
1	1	1	0	0	
0	1	1	1	1	
1	1	1	1	1	
1	1	1	1	0	
0	0	1	1	1	
4.2.4.0
1	1	1	0	0	
0	1	1	1	1	
1	1	1	1	1	
1	1	1	1	0	
0	0	1	1	1	
4.2.4.1
1	1	1	0	0	
0	1	1	1	1	
1	1	1	1	1	
1	1	1	1	0	
0	0	1	1	1	
4.2.4.2
1	1	1	0	0	
0	1	1	1	1	
1	1	1	1	1	
1	1	1	1	0	
0	0	1	1	1	
4.2.4.3
1	1	1	0	0	
0	1	1	1	1	
1	1	1	1	1	
1	1	1	1	0	
0	0	1	1	1	
4.2.3.0
1	1	1	0	0	
0	1	1	1	1	
1	1	1	1	1	
1	1	1	1	0	
0	0	1	1	1	
4.2.3.1
1	1	1	0	0	
0	1	1	1	1	
1	1	1	1	1	
1	1	1	1	0	
0	0	1	1	1	
4.2.3.2
1	1	1	0	0	
0	1	1	1	1	
1	1	1	1	1	
1	1	1	1	0	
0	0	1	1	1	
4.2.3.3
1	1	1	0	0	
0	1	1	1	1	
1	1	1	1	1	
1	1	1	1	0	
0	0	1	1	1	
4.2.2.0
1	1	1	0	0	
0	1	1	1	1	
1	1	1	1	1	
1	1	1	1	0	
0	0	1	1	1	
4.2.2.1
1	1	1	0	0	
0	1	1	1	1	
1	1	1	1	1	
1	1	1	1	0	
0	0	1	1	1	
4.2.2.2
1	1	1	0	0	
0	1	1	1	1	
1	1	1	1	1	
1	1	1	1	0	
0	0	1	1	1	
4.2.2.3
1	1	1	0	0	
0	1	1	1	1	
1	1	1	1	1	
1	1	1	1	0	
0	0	1	1	1	
4.3.5.0
1	1	1	0	0	
0	1	1	1	1	
1	1	1	1	1	
1	1	1	1	0	
0	0	1	1	1	
4.3.5.1
1	1	1	0	0	
0	1	1	1	1	
1	1	1	1	1	
1	1	1	1	0	
0	0	1	1	1	
4.3.5.2
1	1	1	0	0	
0	1	1	1	1	
1	1	1	1	1	
1	1	1	1	0	
0	0	1	1	1	
4.3.5.3
1	1	1	0	0	
0	1	1	1	1	
1	1	1	1	1	
1	1	1	1	0	
0	0	1	1	1	
4.3.4.0
1	1	1	0	0	
0	1	1	1	1	
1	1	1	1	1	
1	1	1	1	0	
0	0	1	1	1	
4.3.4.1
1	1	1	0	0	
0	1	1	1	1	
1	1	1	1	1	
1	1	1	1	0	
0	0	1	1	1	
4.3.4.2
1	1	1	0	0	
0	1	1	1	1	
1	1	1	1	1	
1	1	1	1	0	
0	0	1	1	1	
4.3.4.3
1	1	1	0	0	
0	1	1	1	1	
1	1	1	1	1	
1	1	1	1	0	
0	0	1	1	1	
4.3.3.0
1	1	1	0	0	
0	1	1	1	1	
1	1	1	1	1	
1	1	1	1	0	
0	0	1	1	1	
4.3.3.1
1	1	1	0	0	
0	1	1	1	1	
1	1	1	1	1	
1	1	1	1	0	
0	0	1	1	1	
4.3.3.2
1	1	1	0	0	
0	1	1	1	1	
1	1	1	1	1	
1	1	1	1	0	
0	0	1	1	1	
4.3.3.3
1	1	1	0	0	
0	1	1	1	1	
1	1	1	1	1	
1	1	1	1	0	
0	0	1	1	1	
4.3.2.0
1	1	1	0	0	
0	1	1	1	1	
1	1	1	1	1	
1	1	1	1	0	
0	0	1	1	1	
4.3.2.1
1	1	1	0	0	
0	1	1	1	1	
1	1	1	1	1	
1	1	1	1	0	
0	0	1	1	1	
4.3.2.2
1	1	1	0	0	
0	1	1	1	1	
1	1	1	1	1	
1	1	1	1	0	
0	0	1	1	1	
4.3.2.3
1	1	1	0	0	
0	1	1	1	1	
1	1	1	1	1	
1	1	1	1	0	
0	0	1	1	1	
5.0.5.0
1	1	1	0	1	
1	0	1	0	1	
1	1	0	0	1	
1	1	1	1	1	
1	0	1	1	1	
5.0.5.1
1	1	1	0	1	
1	0	1	0	1	
1	1	0	0	1	
1	1	1	1	1	
1	0	1	1	1	
5.0.5.2
1	1	1	0	1	
1	0	1	0	1	
1	1	0	0	1	
1	1	1	1	1	
1	0	1	1	1	
5.0.5.3
1	1	1	0	1	
1	0	1	0	1	
1	1	0	0	1	
1	1	1	1	1	
1	0	1	1	1	
5.0.4.0
1	1	1	0	1	
1	0	1	0	1	
1	1	0	0	1	
1	1	1	1	1	
1	0	1	1	1	
5.0.4.1
1	1	1	0	1	
1	0	1	0	1	
1	1	0	0	1	
1	1	1	1	1	
1	0	1	1	1	
5.0.4.2
1	1	1	0	1	
1	0	1	0	1	
1	1	0	0	1	
1	1	1	1	1	
1	0	1	1	1	
5.0.4.3
1	1	1	0	1	
1	0	1	0	1	
1	1	0	0	1	
1	1	1	1	1	
1	0	1	1	1	
5.0.3.0
1	1	1	0	1	
1	0	1	0	1	
1	1	0	0	1	
1	1	1	1	1	
1	0	1	1	1	
5.0.3.1
1	1	1	0	1	
1	0	1	0	1	
1	1	0	0	1	
1	1	1	1	1	
1	0	1	1	1	
5.0.3.2
1	1	1	0	1	
1	0	1	0	1	
1	1	0	0	1	
1	1	1	1	1	
1	0	1	1	1	
5.0.3.3
1	1	1	0	1	
1	0	1	0	1	
1	1	0	0	1	
1	1	1	1	1	
1	0	1	1	1	
5.0.2.0
1	1	1	0	1	
1	0	1	0	1	
1	1	0	0	1	
1	1	1	1	1	
1	0	1	1	1	
5.0.2.1
1	1	1	0	1	
1	0	1	0	1	
1	1	0	0	1	
1	1	1	1	1	
1	0	1	1	1	
5.0.2.2
1	1	1	0	1	
1	0	1	0	1	
1	1	0	0	1	
1	1	1	1	1	
1	0	1	1	1	
5.0.2.3
1	1	1	0	1	
1	0	1	0	1	
1	1	0	0	1	
1	1	1	1	1	
1	0	1	1	1	
5.1.5.0
1	1	1	0	1	
1	0	1	0	1	
1	1	0	0	1	
1	1	1	1	1	
1	0	1	1	1	
5.1.5.1
1	1	1	0	1	
1	0	1	0	1	
1	1	0	0	1	
1	1	1	1	1	
1	0	1	1	1	
5.1.5.2
1	1	1	0	1	
1	0	1	0	1	
1	1	0	0	1	
1	1	1	1	1	
1	0	1	1	1	
5.1.5.3
1	1	1	0	1	
1	0	1	0	1	
1	1	0	0	1	
1	1	1	1	1	
1	0	1	1	1	
5.1.4.0
1	1	1	0	1	
1	0	1	0	1	
1	1	0	0	1	
1	1	1	1	1	
1	0	1	1	1	
5.1.4.1
1	1	1	0	1	
1	0	1	0	1	
1	1	0	0	1	
1	1	1	1	1	
1	0	1	1	1	
5.1.4.2
1	1	1	0	1	
1	0	1	0	1	
1	1	0	0	1	
1	1	1	1	1	
1	0	1	1	1	
5.1.4.3
1	1	1	0	1	
1	0	1	0	1	
1	1	0	0	1	
1	1	1	1	1	
1	0	1	1	1	
5.1.3.0
1	1	1	0	1	
1	0	1	0	1	
1	1	0	0	1	
1	1	1	1	1	
1	0	1	1	1	
5.1.3.1
1	1	1	0	1	
1	0	1	0	1	
1	1	0	0	1	
1	1	1	1	1	
1	0	1	1	1	
5.1.3.2
1	1	1	0	1	
1	0	1	0	1	
1	1	0	0	1	
1	1	1	1	1	
1	0	1	1	1	
5.1.3.3
1	1	1	0	1	
1	0	1	0	1	
1	1	0	0	1	
1	1	1	1	1	
1	0	1	1	1	
5.1.2.0
1	1	1	0	1	
1	0	1	0	1	
1	1	0	0	1	
1	1	1	1	1	
1	0	1	1	1	
5.1.2.1
1	1	1	0	1	
1	0	1	0	1	
1	1	0	0	1	
1	1	1	1	1	
1	0	1	1	1	
5.1.2.2
1	1	1	0	1	
1	0	1	0	1	
1	1	0	0	1	
1	1	1	1	1	
1	0	1	1	1	
5.1.2.3
1	1	1	0	1	
1	0	1	0	1	
1	1	0	0	1	
1	1	1	1	1	
1	0	1	1	1	
5.2.5.0
1	1	1	0	1	
1	0	1	0	1	
1	1	0	0	1	
1	1	1	1	1	
1	0	1	1	1	
5.2.5.1
1	1	1	0	1	
1	0	1	0	1	
1	1	0	0	1	
1	1	1	1	1	
1	0	1	1	1	
5.2.5.2
1	1	1	0	1	
1	0	1	0	1	
1	1	0	0	1	
1	1	1	1	1	
1	0	1	1	1	
5.2.5.3
1	1	1	0	1	
1	0	1	0	1	
1	1	0	0	1	
1	1	1	1	1	
1	0	1	1	1	
5.2.4.0
1	1	1	0	1	
1	0	1	0	1	
1	1	0	0	1	
1	1	1	1	1	
1	0	1	1	1	
5.2.4.1
1	1	1	0	1	
1	0	1	0	1	
1	1	0	0	1	
1	1	1	1	1	
1	0	1	1	1	
5.2.4.2
1	1	1	0	1	
1	0	1	0	1	
1	1	0	0	1	
1	1	1	1	1	
1	0	1	1	1	
5.2.4.3
1	1	1	0	1	
1	0	1	0	1	
1	1	0	0	1	
1	1	1	1	1	
1	0	1	1	1	
5.2.3.0
1	1	1	0	1	
1	0	1	0	1	
1	1	0	0	1	
1	1	1	1	1	
1	0	1	1	1	
5.2.3.1
1	1	1	0	1	
1	0	1	0	1	
1	1	0	0	1	
1	1	1	1	1	
1	0	1	1	1	
5.2.3.2
1	1	1	0	1	
1	0	1	0	1	
1	1	0	0	1	
1	1	1	1	1	
1	0	1	1	1	
5.2.3.3
1	1	1	0	1	
1	0	1	0	1	
1	1	0	0	1	
1	1	1	1	1	
1	0	1	1	1	
5.2.2.0
1	1	1	0	1	
1	0	1	0	1	
1	1	0	0	1	
1	1	1	1	1	
1	0	1	1	1	
5.2.2.1
1	1	1	0	1	
1	0	1	0	1	
1	1	0	0	1	
1	1	1	1	1	
1	0	1	1	1	
5.2.2.2
1	1	1	0	1	
1	0	1	0	1	
1	1	0	0	1	
1	1	1	1	1	
1	0	1	1	1	
5.2.2.3
1	1	1	0	1	
1	0	1	0	1	
1	1	0	0	1	
1	1	1	1	1	
1	0	1	1	1	
5.3.5.0
1	1	1	0	1	
1	0	1	0	1	
1	1	0	0	1	
1	1	1	1	1	
1	0	1	1	1	
5.3.5.1
1	1	1	0	1	
1	0	1	0	1	
1	1	0	0	1	
1	1	1	1	1	
1	0	1	1	1	
5.3.5.2
1	1	1	0	1	
1	0	1	0	1	
1	1	0	0	1	
1	1	1	1	1	
1	0	1	1	1	
5.3.5.3
1	1	1	0	1	
1	0	1	0	1	
1	1	0	0	1	
1	1	1	1	1	
1	0	1	1	1	
5.3.4.0
1	1	1	0	1	
1	0	1	0	1	
1	1	0	0	1	
1	1	1	1	1	
1	0	1	1	1	
5.3.4.1
1	1	1	0	1	
1	0	1	0	1	
1	1	0	0	1	
1	1	1	1	1	
1	0	1	1	1	
5.3.4.2
1	1	1	0	1	
1	0	1	0	1	
1	1	0	0	1	
1	1	1	1	1	
1	0	1	1	1	
5.3.4.3
1	1	1	0	1	
1	0	1	0	1	
1	1	0	0	1	
1	1	1	1	1	
1	0	1	1	1	
5.3.3.0
1	1	1	0	1	
1	0	1	0	1	
1	1	0	0	1	
1	1	1	1	1	
1	0	1	1	1	
5.3.3.1
1	1	1	0	1	
1	0	1	0	1	
1	1	0	0	1	
1	1	1	1	1	
1	0	1	1	1	
5.3.3.2
1	1	1	0	1	
1	0	1	0	1	
1	1	0	0	1	
1	1	1	1	1	
1	0	1	1	1	
5.3.3.3
1	1	1	0	1	
1	0	1	0	1	
1	1	0	0	1	
1	1	1	1	1	
1	0	1	1	1	
5.3.2.0
1	1	1	0	1	
1	0	1	0	1	
1	1	0	0	1	
1	1	1	1	1	
1	0	1	1	1	
5.3.2.1
1	1	1	0	1	
1	0	1	0	1	
1	1	0	0	1	
1	1	1	1	1	
1	0	1	1	1	
5.3.2.2
1	1	1	0	1	
1	0	1	0	1	
1	1	0	0	1	
1	1	1	1	1	
1	0	1	1	1	
5.3.2.3
1	1	1	0	1	
1	0	1	0	1	
1	1	0	0	1	
1	1	1	1	1	
1	0	1	1	1	
6.0.5.0
1	1	1	1	1	
1	0	1	1	1	
1	0	0	1	1	
1	1	1	0	0	
0	1	1	1	1	
6.0.5.1
1	1	1	1	1	
1	0	1	1	1	
1	0	0	1	1	
1	1	1	0	0	
0	1	1	1	1	
6.0.5.2
1	1	1	1	1	
1	0	1	1	1	
1	0	0	1	1	
1	1	1	0	0	
0	1	1	1	1	
6.0.5.3
1	1	1	1	1	
1	0	1	1	1	
1	0	0	1	1	
1	1	1	0	0	
0	1	1	1	1	
6.0.4.0
1	1	1	1	1	
1	0	1	1	1	
1	0	0	1	1	
1	1	1	0	0	
0	1	1	1	1	
6.0.4.1
1	1	1	1	1	
1	0	1	1	1	
1	0	0	1	1	
1	1	1	0	0	
0	1	1	1	1	
6.0.4.2
1	1	1	1	1	
1	0	1	1	1	
1	0	0	1	1	
1	1	1	0	0	
0	1	1	1	1	
6.0.4.3
1	1	1	1	1	
1	0	1	1	1	
1	0	0	1	1	
1	1	1	0	0	
0	1	1	1	1	
6.0.3.0
1	1	1	1	1	
1	0	1	1	1	
1	0	0	1	1	
1	1	1	0	0	
0	1	1	1	1	
6.0.3.1
1	1	1	1	1	
1	0	1	1	1	
1	0	0	1	1	
1	1	1	0	0	
0	1	1	1	1	
6.0.3.2
1	1	1	1	1	
1	0	1	1	1	
1	0	0	1	1	
1	1	1	0	0	
0	1	1	1	1	
6.0.3.3
1	1	1	1	1	
1	0	1	1	1	
1	0	0	1	1	
1	1	1	0	0	
0	1	1	1	1	
6.0.2.0
1	1	1	1	1	
1	0	1	1	1	
1	0	0	1	1	
1	1	1	0	0	
0	1	1	1	1	
6.0.2.1
1	1	1	1	1	
1	0	1	1	1	
1	0	0	1	1	
1	1	1	0	0	
0	1	1	1	1	
6.0.2.2
1	1	1	1	1	
1	0	1	1	1	
1	0	0	1	1	
1	1	1	0	0	
0	1	1	1	1	
6.0.2.3
1	1	1	1	1	
1	0	1	1	1	
1	0	0	1	1	
1	1	1	0	0	
0	1	1	1	1	
6.1.5.0
1	1	1	1	1	
1	0	1	1	1	
1	0	0	1	1	
1	1	1	0	0	
0	1	1	1	1	
6.1.5.1
1	1	1	1	1	
1	0	1	1	1	
1	0	0	1	1	
1	1	1	0	0	
0	1	1	1	1	
6.1.5.2
1	1	1	1	1	
1	0	1	1	1	
1	0	0	1	1	
1	1	1	0	0	
0	1	1	1	1	
6.1.5.3
1	1	1	1	1	
1	0	1	1	1	
1	0	0	1	1	
1	1	1	0	0	
0	1	1	1	1	
6.1.4.0
1	1	1	1	1	
1	0	1	1	1	
1	0	0	1	1	
1	1	1	0	0	
0	1	1	1	1	
6.1.4.1
1	1	1	1	1	
1	0	1	1	1	
1	0	0	1	1	
1	1	1	0	0	
0	1	1	1	1	
6.1.4.2
1	1	1	1	1	
1	0	1	1	1	
1	0	0	1	1	
1	1	1	0	0	
0	1	1	1	1	
6.1.4.3
1	1	1	1	1	
1	0	1	1	1	
1	0	0	1	1	
1	1	1	0	0	
0	1	1	1	1	
6.1.3.0
1	1	1	1	1	
1	0	1	1	1	
1	0	0	1	1	
1	1	1	0	0	
0	1	1	1	1	
6.1.3.1
1	1	1	1	1	
1	0	1	1	1	
1	0	0	1	1	
1	1	1	0	0	
0	1	1	1	1	
6.1.3.2
1	1	1	1	1	
1	0	1	1	1	
1	0	0	1	1	
1	1	1	0	0	
0	1	1	1	1	
6.1.3.3
1	1	1	1	1	
1	0	1	1	1	
1	0	0	1	1	
1	1	1	0	0	
0	1	1	1	1	
6.1.2.0
1	1	1	1	1	
1	0	1	1	1	
1	0	0	1	1	
1	1	1	0	0	
0	1	1	1	1	
6.1.2.1
1	1	1	1	1	
1	0	1	1	1	
1	0	0	1	1	
1	1	1	0	0	
0	1	1	1	1	
6.1.2.2
1	1	1	1	1	
1	0	1	1	1	
1	0	0	1	1	
1	1	1	0	0	
0	1	1	1	1	
6.1.2.3
1	1	1	1	1	
1	0	1	1	1	
1	0	0	1	1	
1	1	1	0	0	
0	1	1	1	1	
6.2.5.0
1	1	1	1	1	
1	0	1	1	1	
1	0	0	1	1	
1	1	1	0	0	
0	1	1	1	1	
6.2.5.1
1	1	1	1	1	
1	0	1	1	1	
1	0	0	1	1	
1	1	1	0	0	
0	1	1	1	1	
6.2.5.2
1	1	1	1	1	
1	0	1	1	1	
1	0	0	1	1	
1	1	1	0	0	
0	1	1	1	1	
6.2.5.3
1	1	1	1	1	
1	0	1	1	1	
1	0	0	1	1	
1	1	1	0	0	
0	1	1	1	1	
6.2.4.0
1	1	1	1	1	
1	0	1	1	1	
1	0	0	1	1	
1	1	1	0	0	
0	1	1	1	1	
6.2.4.1
1	1	1	1	1	
1	0	1	1	1	
1	0	0	1	1	
1	1	1	0	0	
0	1	1	1	1	
6.2.4.2
1	1	1	1	1	
1	0	1	1	1	
1	0	0	1	1	
1	1	1	0	0	
0	1	1	1	1	
6.2.4.3
1	1	1	1	1	
1	0	1	1	1	
1	0	0	1	1	
1	1	1	0	0	
0	1	1	1	1	
6.2.3.0
1	1	1	1	1	
1	0	1	1	1	
1	0	0	1	1	
1	1	1	0	0	
0	1	1	1	1	
6.2.3.1
1	1	1	1	1	
1	0	1	1	1	
1	0	0	1	1	
1	1	1	0	0	
0	1	1	1	1	
6.2.3.2
1	1	1	1	1	
1	0	1	1	1	
1	0	0	1	1	
1	1	1	0	0	
0	1	1	1	1	
6.2.3.3
1	1	1	1	1	
1	0	1	1	1	
1	0	0	1	1	
1	1	1	0	0	
0	1	1	1	1	
6.2.2.0
1	1	1	1	1	
1	0	1	1	1	
1	0	0	1	1	
1	1	1	0	0	
0	1	1	1	1	
6.2.2.1
1	1	1	1	1	
1	0	1	1	1	
1	0	0	1	1	
1	1	1	0	0	
0	1	1	1	1	
6.2.2.2
1	1	1	1	1	
1	0	1	1	1	
1	0	0	1	1	
1	1	1	0	0	
0	1	1	1	1	
6.2.2.3
1	1	1	1	1	
1	0	1	1	1	
1	0	0	1	1	
1	1	1	0	0	
0	1	1	1	1	
6.3.5.0
1	1	1	1	1	
1	0	1	1	1	
1	0	0	1	1	
1	1	1	0	0	
0	1	1	1	1	
6.3.5.1
1	1	1	1	1	
1	0	1	1	1	
1	0	0	1	1	
1	1	1	0	0	
0	1	1	1	1	
6.3.5.2
1	1	1	1	1	
1	0	1	1	1	
1	0	0	1	1	
1	1	1	0	0	
0	1	1	1	1	
6.3.5.3
1	1	1	1	1	
1	0	1	1	1	
1	0	0	1	1	
1	1	1	0	0	
0	1	1	1	1	
6.3.4.0
1	1	1	1	1	
1	0	1	1	1	
1	0	0	1	1	
1	1	1	0	0	
0	1	1	1	1	
6.3.4.1
1	1	1	1	1	
1	0	1	1	1	
1	0	0	1	1	
1	1	1	0	0	
0	1	1	1	1	
6.3.4.2
1	1	1	1	1	
1	0	1	1	1	
1	0	0	1	1	
1	1	1	0	0	
0	1	1	1	1	
6.3.4.3
1	1	1	1	1	
1	0	1	1	1	
1	0	0	1	1	
1	1	1	0	0	
0	1	1	1	1	
6.3.3.0
1	1	1	1	1	
1	0	1	1	1	
1	0	0	1	1	
1	1	1	0	0	
0	1	1	1	1	
6.3.3.1
1	1	1	1	1	
1	0	1	1	1	
1	0	0	1	1	
1	1	1	0	0	
0	1	1	1	1	
6.3.3.2
1	1	1	1	1	
1	0	1	1	1	
1	0	0	1	1	
1	1	1	0	0	
0	1	1	1	1	
6.3.3.3
1	1	1	1	1	
1	0	1	1	1	
1	0	0	1	1	
1	1	1	0	0	
0	1	1	1	1	
6.3.2.0
1	1	1	1	1	
1	0	1	1	1	
1	0	0	1	1	
1	1	1	0	0	
0	1	1	1	1	
6.3.2.1
1	1	1	1	1	
1	0	1	1	1	
1	0	0	1	1	
1	1	1	0	0	
0	1	1	1	1	
6.3.2.2
1	1	1	1	1	
1	0	1	1	1	
1	0	0	1	1	
1	1	1	0	0	
0	1	1	1	1	
6.3.2.3
1	1	1	1	1	
1	0	1	1	1	
1	0	0	1	1	
1	1	1	0	0	
0	1	1	1	1	
7.0.5.0
0	0	1	1	0	
1	1	1	1	1	
1	1	1	1	1	
1	1	1	0	0	
1	1	1	1	0	
7.0.5.1
0	0	1	1	0	
1	1	1	1	1	
1	1	1	1	1	
1	1	1	0	0	
1	1	1	1	0	
7.0.5.2
0	0	1	1	0	
1	1	1	1	1	
1	1	1	1	1	
1	1	1	0	0	
1	1	1	1	0	
7.0.5.3
0	0	1	1	0	
1	1	1	1	1	
1	1	1	1	1	
1	1	1	0	0	
1	1	1	1	0	
7.0.4.0
0	0	1	1	0	
1	1	1	1	1	
1	1	1	1	1	
1	1	1	0	0	
1	1	1	1	0	
7.0.4.1
0	0	1	1	0	
1	1	1	1	1	
1	1	1	1	1	
1	1	1	0	0	
1	1	1	1	0	
7.0.4.2
0	0	1	1	0	
1	1	1	1	1	
1	1	1	1	1	
1	1	1	0	0	
1	1	1	1	0	
7.0.4.3
0	0	1	1	0	
1	1	1	1	1	
1	1	1	1	1	
1	1	1	0	0	
1	1	1	1	0	
7.0.3.0
0	0	1	1	0	
1	1	1	1	1	
1	1	1	1	1	
1	1	1	0	0	
1	1	1	1	0	
7.0.3.1
0	0	1	1	0	
1	1	1	1	1	
1	1	1	1	1	
1	1	1	0	0	
1	1	1	1	0	
7.0.3.2
0	0	1	1	0	
1	1	1	1	1	
1	1	1	1	1	
1	1	1	0	0	
1	1	1	1	0	
7.0.3.3
0	0	1	1	0	
1	1	1	1	1	
1	1	1	1	1	
1	1	1	0	0	
1	1	1	1	0	
7.0.2.0
0	0	1	1	0	
1	1	1	1	1	
1	1	1	1	1	
1	1	1	0	0	
1	1	1	1	0	
7.0.2.1
0	0	1	1	0	
1	1	1	1	1	
1	1	1	1	1	
1	1	1	0	0	
1	1	1	1	0	
7.0.2.2
0	0	1	1	0	
1	1	1	1	1	
1	1	1	1	1	
1	1	1	0	0	
1	1	1	1	0	
7.0.2.3
0	0	1	1	0	
1	1	1	1	1	
1	1	1	1	1	
1	1	1	0	0	
1	1	1	1	0	
7.1.5.0
0	0	1	1	0	
1	1	1	1	1	
1	1	1	1	1	
1	1	1	0	0	
1	1	1	1	0	
7.1.5.1
0	0	1	1	0	
1	1	1	1	1	
1	1	1	1	1	
1	1	1	0	0	
1	1	1	1	0	
7.1.5.2
0	0	1	1	0	
1	1	1	1	1	
1	1	1	1	1	
1	1	1	0	0	
1	1	1	1	0	
7.1.5.3
0	0	1	1	0	
1	1	1	1	1	
1	1	1	1	1	
1	1	1	0	0	
1	1	1	1	0	
7.1.4.0
0	0	1	1	0	
1	1	1	1	1	
1	1	1	1	1	
1	1	1	0	0	
1	1	1	1	0	
7.1.4.1
0	0	1	1	0	
1	1	1	1	1	
1	1	1	1	1	
1	1	1	0	0	
1	1	1	1	0	
7.1.4.2
0	0	1	1	0	
1	1	1	1	1	
1	1	1	1	1	
1	1	1	0	0	
1	1	1	1	0	
7.1.4.3
0	0	1	1	0	
1	1	1	1	1	
1	1	1	1	1	
1	1	1	0	0	
1	1	1	1	0	
7.1.3.0
0	0	1	1	0	
1	1	1	1	1	
1	1	1	1	1	
1	1	1	0	0	
1	1	1	1	0	
7.1.3.1
0	0	1	1	0	
1	1	1	1	1	
1	1	1	1	1	
1	1	1	0	0	
1	1	1	1	0	
7.1.3.2
0	0	1	1	0	
1	1	1	1	1	
1	1	1	1	1	
1	1	1	0	0	
1	1	1	1	0	
7.1.3.3
0	0	1	1	0	
1	1	1	1	1	
1	1	1	1	1	
1	1	1	0	0	
1	1	1	1	0	
7.1.2.0
0	0	1	1	0	
1	1	1	1	1	
1	1	1	1	1	
1	1	1	0	0	
1	1	1	1	0	
7.1.2.1
0	0	1	1	0	
1	1	1	1	1	
1	1	1	1	1	
1	1	1	0	0	
1	1	1	1	0	
7.1.2.2
0	0	1	1	0	
1	1	1	1	1	
1	1	1	1	1	
1	1	1	0	0	
1	1	1	1	0	
7.1.2.3
0	0	1	1	0	
1	1	1	1	1	
1	1	1	1	1	
1	1	1	0	0	
1	1	1	1	0	
7.2.5.0
0	0	1	1	0	
1	1	1	1	1	
1	1	1	1	1	
1	1	1	0	0	
1	1	1	1	0	
7.2.5.1
0	0	1	1	0	
1	1	1	1	1	
1	1	1	1	1	
1	1	1	0	0	
1	1	1	1	0	
7.2.5.2
0	0	1	1	0	
1	1	1	1	1	
1	1	1	1	1	
1	1	1	0	0	
1	1	1	1	0	
7.2.5.3
0	0	1	1	0	
1	1	1	1	1	
1	1	1	1	1	
1	1	1	0	0	
1	1	1	1	0	
7.2.4.0
0	0	1	1	0	
1	1	1	1	1	
1	1	1	1	1	
1	1	1	0	0	
1	1	1	1	0	
7.2.4.1
0	0	1	1	0	
1	1	1	1	1	
1	1	1	1	1	
1	1	1	0	0	
1	1	1	1	0	
7.2.4.2
0	0	1	1	0	
1	1	1	1	1	
1	1	1	1	1	
1	1	1	0	0	
1	1	1	1	0	
7.2.4.3
0	0	1	1	0	
1	1	1	1	1	
1	1	1	1	1	
1	1	1	0	0	
1	1	1	1	0	
7.2.3.0
0	0	1	1	0	
1	1	1	1	1	
1	1	1	1	1	
1	1	1	0	0	
1	1	1	1	0	
7.2.3.1
0	0	1	1	0	
1	1	1	1	1	
1	1	1	1	1	
1	1	1	0	0	
1	1	1	1	0	
7.2.3.2
0	0	1	1	0	
1	1	1	1	1	
1	1	1	1	1	
1	1	1	0	0	
1	1	1	1	0	
7.2.3.3
0	0	1	1	0	
1	1	1	1	1	
1	1	1	1	1	
1	1	1	0	0	
1	1	1	1	0	
7.2.2.0
0	0	1	1	0	
1	1	1	1	1	
1	1	1	1	1	
1	1	1	0	0	
1	1	1	1	0	
7.2.2.1
0	0	1	1	0	
1	1	1	1	1	
1	1	1	1	1	
1	1	1	0	0	
1	1	1	1	0	
7.2.2.2
0	0	1	1	0	
1	1	1	1	1	
1	1	1	1	1	
1	1	1	0	0	
1	1	1	1	0	
7.2.2.3
0	0	1	1	0	
1	1	1	1	1	
1	1	1	1	1	
1	1	1	0	0	
1	1	1	1	0	
7.3.5.0
0	0	1	1	0	
1	1	1	1	1	
1	1	1	1	1	
1	1	1	0	0	
1	1	1	1	0	
7.3.5.1
0	0	1	1	0	
1	1	1	1	1	
1	1	1	1	1	
1	1	1	0	0	
1	1	1	1	0	
7.3.5.2
0	0	1	1	0	
1	1	1	1	1	
1	1	1	1	1	
1	1	1	0	0	
1	1	1	1	0	
7.3.5.3
0	0	1	1	0	
1	1	1	1	1	
1	1	1	1	1	
1	1	1	0	0	
1	1	1	1	0	
7.3.4.0
0	0	1	1	0	
1	1	1	1	1	
1	1	1	1	1	
1	1	1	0	0	
1	1	1	1	0	
7.3.4.1
0	0	1	1	0	
1	1	1	1	1	
1	1	1	1	1	
1	1	1	0	0	
1	1	1	1	0	
7.3.4.2
0	0	1	1	0	
1	1	1	1	1	
1	1	1	1	1	
1	1	1	0	0	
1	1	1	1	0	
7.3.4.3
0	0	1	1	0	
1	1	1	1	1	
1	1	1	1	1	
1	1	1	0	0	
1	1	1	1	0	
7.3.3.0
0	0	1	1	0	
1	1	1	1	1	
1	1	1	1	1	
1	1	1	0	0	
1	1	1	1	0	
7.3.3.1
0	0	1	1	0	
1	1	1	1	1	
1	1	1	1	1	
1	1	1	0	0	
1	1	1	1	0	
7.3.3.2
0	0	1	1	0	
1	1	1	1	1	
1	1	1	1	1	
1	1	1	0	0	
1	1	1	1	0	
7.3.3.3
0	0	1	1	0	
1	1	1	1	1	
1	1	1	1	1	
1	1	1	0	0	
1	1	1	1	0	
7.3.2.0
0	0	1	1	0	
1	1	1	1	1	
1	1	1	1	1	
1	1	1	0	0	
1	1	1	1	0	
7.3.2.1
0	0	1	1	0	
1	1	1	1	1	
1	1	1	1	1	
1	1	1	0	0	
1	1	1	1	0	
7.3.2.2
0	0	1	1	0	
1	1	1	1	1	
1	1	1	1	1	
1	1	1	0	0	
1	1	1	1	0	
7.3.2.3
0	0	1	1	0	
1	1	1	1	1	
1	1	1	1	1	
1	1	1	0	0	
1	1	1	1	0	
8.0.5.0
1	1	1	0	0	
1	1	1	0	1	
1	1	1	0	1	
1	0	0	1	1	
1	1	1	1	1	
8.0.5.1
1	1	1	0	0	
1	1	1	0	1	
1	1	1	0	1	
1	0	0	1	1	
1	1	1	1	1	
8.0.5.2
1	1	1	0	0	
1	1	1	0	1	
1	1	1	0	1	
1	0	0	1	1	
1	1	1	1	1	
8.0.5.3
1	1	1	0	0	
1	1	1	0	1	
1	1	1	0	1	
1	0	0	1	1	
1	1	1	1	1	
8.0.4.0
1	1	1	0	0	
1	1	1	0	1	
1	1	1	0	1	
1	0	0	1	1	
1	1	1	1	1	
8.0.4.1
1	1	1	0	0	
1	1	1	0	1	
1	1	1	0	1	
1	0	0	1	1	
1	1	1	1	1	
8.0.4.2
1	1	1	0	0	
1	1	1	0	1	
1	1	1	0	1	
1	0	0	1	1	
1	1	1	1	1	
8.0.4.3
1	1	1	0	0	
1	1	1	0	1	
1	1	1	0	1	
1	0	0	1	1	
1	1	1	1	1	
8.0.3.0
1	1	1	0	0	
1	1	1	0	1	
1	1	1	0	1	
1	0	0	1	1	
1	1	1	1	1	
8.0.3.1
1	1	1	0	0	
1	1	1	0	1	
1	1	1	0	1	
1	0	0	1	1	
1	1	1	1	1	
8.0.3.2
1	1	1	0	0	
1	1	1	0	1	
1	1	1	0	1	
1	0	0	1	1	
1	1	1	1	1	
8.0.3.3
1	1	1	0	0	
1	1	1	0	1	
1	1	1	0	1	
1	0	0	1	1	
1	1	1	1	1	
8.0.2.0
1	1	1	0	0	
1	1	1	0	1	
1	1	1	0	1	
1	0	0	1	1	
1	1	1	1	1	
8.0.2.1
1	1	1	0	0	
1	1	1	0	1	
1	1	1	0	1	
1	0	0	1	1	
1	1	1	1	1	
8.0.2.2
1	1	1	0	0	
1	1	1	0	1	
1	1	1	0	1	
1	0	0	1	1	
1	1	1	1	1	
8.0.2.3
1	1	1	0	0	
1	1	1	0	1	
1	1	1	0	1	
1	0	0	1	1	
1	1	1	1	1	
8.1.5.0
1	1	1	0	0	
1	1	1	0	1	
1	1	1	0	1	
1	0	0	1	1	
1	1	1	1	1	
8.1.5.1
1	1	1	0	0	
1	1	1	0	1	
1	1	1	0	1	
1	0	0	1	1	
1	1	1	1	1	
8.1.5.2
1	1	1	0	0	
1	1	1	0	1	
1	1	1	0	1	
1	0	0	1	1	
1	1	1	1	1	
8.1.5.3
1	1	1	0	0	
1	1	1	0	1	
1	1	1	0	1	
1	0	0	1	1	
1	1	1	1	1	
8.1.4.0
1	1	1	0	0	
1	1	1	0	1	
1	1	1	0	1	
1	0	0	1	1	
1	1	1	1	1	
8.1.4.1
1	1	1	0	0	
1	1	1	0	1	
1	1	1	0	1	
1	0	0	1	1	
1	1	1	1	1	
8.1.4.2
1	1	1	0	0	
1	1	1	0	1	
1	1	1	0	1	
1	0	0	1	1	
1	1	1	1	1	
8.1.4.3
1	1	1	0	0	
1	1	1	0	1	
1	1	1	0	1	
1	0	0	1	1	
1	1	1	1	1	
8.1.3.0
1	1	1	0	0	
1	1	1	0	1	
1	1	1	0	1	
1	0	0	1	1	
1	1	1	1	1	
8.1.3.1
1	1	1	0	0	
1	1	1	0	1	
1	1	1	0	1	
1	0	0	1	1	
1	1	1	1	1	
8.1.3.2
1	1	1	0	0	
1	1	1	0	1	
1	1	1	0	1	
1	0	0	1	1	
1	1	1	1	1	
8.1.3.3
1	1	1	0	0	
1	1	1	0	1	
1	1	1	0	1	
1	0	0	1	1	
1	1	1	1	1	
8.1.2.0
1	1	1	0	0	
1	1	1	0	1	
1	1	1	0	1	
1	0	0	1	1	
1	1	1	1	1	
8.1.2.1
1	1	1	0	0	
1	1	1	0	1	
1	1	1	0	1	
1	0	0	1	1	
1	1	1	1	1	
8.1.2.2
1	1	1	0	0	
1	1	1	0	1	
1	1	1	0	1	
1	0	0	1	1	
1	1	1	1	1	
8.1.2.3
1	1	1	0	0	
1	1	1	0	1	
1	1	1	0	1	
1	0	0	1	1	
1	1	1	1	1	
8.2.5.0
1	1	1	0	0	
1	1	1	0	1	
1	1	1	0	1	
1	0	0	1	1	
1	1	1	1	1	
8.2.5.1
1	1	1	0	0	
1	1	1	0	1	
1	1	1	0	1	
1	0	0	1	1	
1	1	1	1	1	
8.2.5.2
1	1	1	0	0	
1	1	1	0	1	
1	1	1	0	1	
1	0	0	1	1	
1	1	1	1	1	
8.2.5.3
1	1	1	0	0	
1	1	1	0	1	
1	1	1	0	1	
1	0	0	1	1	
1	1	1	1	1	
8.2.4.0
1	1	1	0	0	
1	1	1	0	1	
1	1	1	0	1	
1	0	0	1	1	
1	1	1	1	1	
8.2.4.1
1	1	1	0	0	
1	1	1	0	1	
1	1	1	0	1	
1	0	0	1	1	
1	1	1	1	1	
8.2.4.2
1	1	1	0	0	
1	1	1	0	1	
1	1	1	0	1	
1	0	0	1	1	
1	1	1	1	1	
8.2.4.3
1	1	1	0	0	
1	1	1	0	1	
1	1	1	0	1	
1	0	0	1	1	
1	1	1	1	1	
8.2.3.0
1	1	1	0	0	
1	1	1	0	1	
1	1	1	0	1	
1	0	0	1	1	
1	1	1	1	1	
8.2.3.1
1	1	1	0	0	
1	1	1	0	1	
1	1	1	0	1	
1	0	0	1	1	
1	1	1	1	1	
8.2.3.2
1	1	1	0	0	
1	1	1	0	1	
1	1	1	0	1	
1	0	0	1	1	
1	1	1	1	1	
8.2.3.3
1	1	1	0	0	
1	1	1	0	1	
1	1	1	0	1	
1	0	0	1	1	
1	1	1	1	1	
8.2.2.0
1	1	1	0	0	
1	1	1	0	1	
1	1	1	0	1	
1	0	0	1	1	
1	1	1	1	1	
8.2.2.1
1	1	1	0	0	
1	1	1	0	1	
1	1	1	0	1	
1	0	0	1	1	
1	1	1	1	1	
8.2.2.2
1	1	1	0	0	
1	1	1	0	1	
1	1	1	0	1	
1	0	0	1	1	
1	1	1	1	1	
8.2.2.3
1	1	1	0	0	
1	1	1	0	1	
1	1	1	0	1	
1	0	0	1	1	
1	1	1	1	1	
8.3.5.0
1	1	1	0	0	
1	1	1	0	1	
1	1	1	0	1	
1	0	0	1	1	
1	1	1	1	1	
8.3.5.1
1	1	1	0	0	
1	1	1	0	1	
1	1	1	0	1	
1	0	0	1	1	
1	1	1	1	1	
8.3.5.2
1	1	1	0	0	
1	1	1	0	1	
1	1	1	0	1	
1	0	0	1	1	
1	1	1	1	1	
8.3.5.3
1	1	1	0	0	
1	1	1	0	1	
1	1	1	0	1	
1	0	0	1	1	
1	1	1	1	1	
8.3.4.0
1	1	1	0	0	
1	1	1	0	1	
1	1	1	0	1	
1	0	0	1	1	
1	1	1	1	1	
8.3.4.1
1	1	1	0	0	
1	1	1	0	1	
1	1	1	0	1	
1	0	0	1	1	
1	1	1	1	1	
8.3.4.2
1	1	1	0	0	
1	1	1	0	1	
1	1	1	0	1	
1	0	0	1	1	
1	1	1	1	1	
8.3.4.3
1	1	1	0	0	
1	1	1	0	1	
1	1	1	0	1	
1	0	0	1	1	
1	1	1	1	1	
8.3.3.0
1	1	1	0	0	
1	1	1	0	1	
1	1	1	0	1	
1	0	0	1	1	
1	1	1	1	1	
8.3.3.1
1	1	1	0	0	
1	1	1	0	1	
1	1	1	0	1	
1	0	0	1	1	
1	1	1	1	1	
8.3.3.2
1	1	1	0	0	
1	1	1	0	1	
1	1	1	0	1	
1	0	0	1	1	
1	1	1	1	1	
8.3.3.3
1	1	1	0	0	
1	1	1	0	1	
1	1	1	0	1	
1	0	0	1	1	
1	1	1	1	1	
8.3.2.0
1	1	1	0	0	
1	1	1	0	1	
1	1	1	0	1	
1	0	0	1	1	
1	1	1	1	1	
8.3.2.1
1	1	1	0	0	
1	1	1	0	1	
1	1	1	0	1	
1	0	0	1	1	
1	1	1	1	1	
8.3.2.2
1	1	1	0	0	
1	1	1	0	1	
1	1	1	0	1	
1	0	0	1	1	
1	1	1	1	1	
8.3.2.3
1	1	1	0	0	
1	1	1	0	1	
1	1	1	0	1	
1	0	0	1	1	
1	1	1	1	1	
9.0.5.0
1	1	0	1	1	
1	1	1	1	1	
0	0	0	1	1	
0	1	1	1	1	
1	1	1	0	1	
9.0.5.1
1	1	0	1	1	
1	1	1	1	1	
0	0	0	1	1	
0	1	1	1	1	
1	1	1	0	1	
9.0.5.2
1	1	0	1	1	
1	1	1	1	1	
0	0	0	1	1	
0	1	1	1	1	
1	1	1	0	1	
9.0.5.3
1	1	0	1	1	
1	1	1	1	1	
0	0	0	1	1	
0	1	1	1	1	
1	1	1	0	1	
9.0.4.0
1	1	0	1	1	
1	1	1	1	1	
0	0	0	1	1	
0	1	1	1	1	
1	1	1	0	1	
9.0.4.1
1	1	0	1	1	
1	1	1	1	1	
0	0	0	1	1	
0	1	1	1	1	
1	1	1	0	1	
9.0.4.2
1	1	0	1	1	
1	1	1	1	1	
0	0	0	1	1	
0	1	1	1	1	
1	1	1	0	1	
9.0.4.3
1	1	0	1	1	
1	1	1	1	1	
0	0	0	1	1	
0	1	1	1	1	
1	1	1	0	1	
9.0.3.0
1	1	0	1	1	
1	1	1	1	1	
0	0	0	1	1	
0	1	1	1	1	
1	1	1	0	1	
9.0.3.1
1	1	0	1	1	
1	1	1	1	1	
0	0	0	1	1	
0	1	1	1	1	
1	1	1	0	1	
9.0.3.2
1	1	0	1	1	
1	1	1	1	1	
0	0	0	1	1	
0	1	1	1	1	
1	1	1	0	1	
9.0.3.3
1	1	0	1	1	
1	1	1	1	1	
0	0	0	1	1	
0	1	1	1	1	
1	1	1	0	1	
9.0.2.0
1	1	0	1	1	
1	1	1	1	1	
0	0	0	1	1	
0	1	1	1	1	
1	1	1	0	1	
9.0.2.1
1	1	0	1	1	
1	1	1	1	1	
0	0	0	1	1	
0	1	1	1	1	
1	1	1	0	1	
9.0.2.2
1	1	0	1	1	
1	1	1	1	1	
0	0	0	1	1	
0	1	1	1	1	
1	1	1	0	1	
9.0.2.3
1	1	0	1	1	
1	1	1	1	1	
0	0	0	1	1	
0	1	1	1	1	
1	1	1	0	1	
9.1.5.0
1	1	0	1	1	
1	1	1	1	1	
0	0	0	1	1	
0	1	1	1	1	
1	1	1	0	1	
9.1.5.1
1	1	0	1	1	
1	1	1	1	1	
0	0	0	1	1	
0	1	1	1	1	
1	1	1	0	1	
9.1.5.2
1	1	0	1	1	
1	1	1	1	1	
0	0	0	1	1	
0	1	1	1	1	
1	1	1	0	1	
9.1.5.3
1	1	0	1	1	
1	1	1	1	1	
0	0	0	1	1	
0	1	1	1	1	
1	1	1	0	1	
9.1.4.0
1	1	0	1	1	
1	1	1	1	1	
0	0	0	1	1	
0	1	1	1	1	
1	1	1	0	1	
9.1.4.1
1	1	0	1	1	
1	1	1	1	1	
0	0	0	1	1	
0	1	1	1	1	
1	1	1	0	1	
9.1.4.2
1	1	0	1	1	
1	1	1	1	1	
0	0	0	1	1	
0	1	1	1	1	
1	1	1	0	1	
9.1.4.3
1	1	0	1	1	
1	1	1	1	1	
0	0	0	1	1	
0	1	1	1	1	
1	1	1	0	1	
9.1.3.0
1	1	0	1	1	
1	1	1	1	1	
0	0	0	1	1	
0	1	1	1	1	
1	1	1	0	1	
9.1.3.1
1	1	0	1	1	
1	1	1	1	1	
0	0	0	1	1	
0	1	1	1	1	
1	1	1	0	1	
9.1.3.2
1	1	0	1	1	
1	1	1	1	1	
0	0	0	1	1	
0	1	1	1	1	
1	1	1	0	1	
9.1.3.3
1	1	0	1	1	
1	1	1	1	1	
0	0	0	1	1	
0	1	1	1	1	
1	1	1	0	1	
9.1.2.0
1	1	0	1	1	
1	1	1	1	1	
0	0	0	1	1	
0	1	1	1	1	
1	1	1	0	1	
9.1.2.1
1	1	0	1	1	
1	1	1	1	1	
0	0	0	1	1	
0	1	1	1	1	
1	1	1	0	1	
9.1.2.2
1	1	0	1	1	
1	1	1	1	1	
0	0	0	1	1	
0	1	1	1	1	
1	1	1	0	1	
9.1.2.3
1	1	0	1	1	
1	1	1	1	1	
0	0	0	1	1	
0	1	1	1	1	
1	1	1	0	1	
9.2.5.0
1	1	0	1	1	
1	1	1	1	1	
0	0	0	1	1	
0	1	1	1	1	
1	1	1	0	1	
9.2.5.1
1	1	0	1	1	
1	1	1	1	1	
0	0	0	1	1	
0	1	1	1	1	
1	1	1	0	1	
9.2.5.2
1	1	0	1	1	
1	1	1	1	1	
0	0	0	1	1	
0	1	1	1	1	
1	1	1	0	1	
9.2.5.3
1	1	0	1	1	
1	1	1	1	1	
0	0	0	1	1	
0	1	1	1	1	
1	1	1	0	1	
9.2.4.0
1	1	0	1	1	
1	1	1	1	1	
0	0	0	1	1	
0	1	1	1	1	
1	1	1	0	1	
9.2.4.1
1	1	0	1	1	
1	1	1	1	1	
0	0	0	1	1	
0	1	1	1	1	
1	1	1	0	1	
9.2.4.2
1	1	0	1	1	
1	1	1	1	1	
0	0	0	1	1	
0	1	1	1	1	
1	1	1	0	1	
9.2.4.3
1	1	0	1	1	
1	1	1	1	1	
0	0	0	1	1	
0	1	1	1	1	
1	1	1	0	1	
9.2.3.0
1	1	0	1	1	
1	1	1	1	1	
0	0	0	1	1	
0	1	1	1	1	
1	1	1	0	1	
9.2.3.1
1	1	0	1	1	
1	1	1	1	1	
0	0	0	1	1	
0	1	1	1	1	
1	1	1	0	1	
9.2.3.2
1	1	0	1	1	
1	1	1	1	1	
0	0	0	1	1	
0	1	1	1	1	
1	1	1	0	1	
9.2.3.3
1	1	0	1	1	
1	1	1	1	1	
0	0	0	1	1	
0	1	1	1	1	
1	1	1	0	1	
9.2.2.0
1	1	0	1	1	
1	1	1	1	1	
0	0	0	1	1	
0	1	1	1	1	
1	1	1	0	1	
9.2.2.1
1	1	0	1	1	
1	1	1	1	1	
0	0	0	1	1	
0	1	1	1	1	
1	1	1	0	1	
9.2.2.2
1	1	0	1	1	
1	1	1	1	1	
0	0	0	1	1	
0	1	1	1	1	
1	1	1	0	1	
9.2.2.3
1	1	0	1	1	
1	1	1	1	1	
0	0	0	1	1	
0	1	1	1	1	
1	1	1	0	1	
9.3.5.0
1	1	0	1	1	
1	1	1	1	1	
0	0	0	1	1	
0	1	1	1	1	
1	1	1	0	1	
9.3.5.1
1	1	0	1	1	
1	1	1	1	1	
0	0	0	1	1	
0	1	1	1	1	
1	1	1	0	1	
9.3.5.2
1	1	0	1	1	
1	1	1	1	1	
0	0	0	1	1	
0	1	1	1	1	
1	1	1	0	1	
9.3.5.3
1	1	0	1	1	
1	1	1	1	1	
0	0	0	1	1	
0	1	1	1	1	
1	1	1	0	1	
9.3.4.0
1	1	0	1	1	
1	1	1	1	1	
0	0	0	1	1	
0	1	1	1	1	
1	1	1	0	1	
9.3.4.1
1	1	0	1	1	
1	1	1	1	1	
0	0	0	1	1	
0	1	1	1	1	
1	1	1	0	1	
9.3.4.2
1	1	0	1	1	
1	1	1	1	1	
0	0	0	1	1	
0	1	1	1	1	
1	1	1	0	1	
9.3.4.3
1	1	0	1	1	
1	1	1	1	1	
0	0	0	1	1	
0	1	1	1	1	
1	1	1	0	1	
9.3.3.0
1	1	0	1	1	
1	1	1	1	1	
0	0	0	1	1	
0	1	1	1	1	
1	1	1	0	1	
9.3.3.1
1	1	0	1	1	
1	1	1	1	1	
0	0	0	1	1	
0	1	1	1	1	
1	1	1	0	1	
9.3.3.2
1	1	0	1	1	
1	1	1	1	1	
0	0	0	1	1	
0	1	1	1	1	
1	1	1	0	1	
9.3.3.3
1	1	0	1	1	
1	1	1	1	1	
0	0	0	1	1	
0	1	1	1	1	
1	1	1	0	1	
9.3.2.0
1	1	0	1	1	
1	1	1	1	1	
0	0	0	1	1	
0	1	1	1	1	
1	1	1	0	1	
9.3.2.1
1	1	0	1	1	
1	1	1	1	1	
0	0	0	1	1	
0	1	1	1	1	
1	1	1	0	1	
9.3.2.2
1	1	0	1	1	
1	1	1	1	1	
0	0	0	1	1	
0	1	1	1	1	
1	1	1	0	1	
9.3.2.3
1	1	0	1	1	
1	1	1	1	1	
0	0	0	1	1	
0	1	1	1	1	
1	1	1	0	1	
10.0.5.0
1	0	1	1	1	
1	1	1	0	0	
1	1	1	1	1	
0	1	1	1	1	
0	1	1	1	0	
10.0.5.1
1	0	1	1	1	
1	1	1	0	0	
1	1	1	1	1	
0	1	1	1	1	
0	1	1	1	0	
10.0.5.2
1	0	1	1	1	
1	1	1	0	0	
1	1	1	1	1	
0	1	1	1	1	
0	1	1	1	0	
10.0.5.3
1	0	1	1	1	
1	1	1	0	0	
1	1	1	1	1	
0	1	1	1	1	
0	1	1	1	0	
10.0.4.0
1	0	1	1	1	
1	1	1	0	0	
1	1	1	1	1	
0	1	1	1	1	
0	1	1	1	0	
10.0.4.1
1	0	1	1	1	
1	1	1	0	0	
1	1	1	1	1	
0	1	1	1	1	
0	1	1	1	0	
10.0.4.2
1	0	1	1	1	
1	1	1	0	0	
1	1	1	1	1	
0	1	1	1	1	
0	1	1	1	0	
10.0.4.3
1	0	1	1	1	
1	1	1	0	0	
1	1	1	1	1	
0	1	1	1	1	
0	1	1	1	0	
10.0.3.0
1	0	1	1	1	
1	1	1	0	0	
1	1	1	1	1	
0	1	1	1	1	
0	1	1	1	0	
10.0.3.1
1	0	1	1	1	
1	1	1	0	0	
1	1	1	1	1	
0	1	1	1	1	
0	1	1	1	0	
10.0.3.2
1	0	1	1	1	
1	1	1	0	0	
1	1	1	1	1	
0	1	1	1	1	
0	1	1	1	0	
10.0.3.3
1	0	1	1	1	
1	1	1	0	0	
1	1	1	1	1	
0	1	1	1	1	
0	1	1	1	0	
10.0.2.0
1	0	1	1	1	
1	1	1	0	0	
1	1	1	1	1	
0	1	1	1	1	
0	1	1	1	0	
10.0.2.1
1	0	1	1	1	
1	1	1	0	0	
1	1	1	1	1	
0	1	1	1	1	
0	1	1	1	0	
10.0.2.2
1	0	1	1	1	
1	1	1	0	0	
1	1	1	1	1	
0	1	1	1	1	
0	1	1	1	0	
10.0.2.3
1	0	1	1	1	
1	1	1	0	0	
1	1	1	1	1	
0	1	1	1	1	
0	1	1	1	0	
10.1.5.0
1	0	1	1	1	
1	1	1	0	0	
1	1	1	1	1	
0	1	1	1	1	
0	1	1	1	0	
10.1.5.1
1	0	1	1	1	
1	1	1	0	0	
1	1	1	1	1	
0	1	1	1	1	
0	1	1	1	0	
10.1.5.2
1	0	1	1	1	
1	1	1	0	0	
1	1	1	1	1	
0	1	1	1	1	
0	1	1	1	0	
10.1.5.3
1	0	1	1	1	
1	1	1	0	0	
1	1	1	1	1	
0	1	1	1	1	
0	1	1	1	0	
10.1.4.0
1	0	1	1	1	
1	1	1	0	0	
1	1	1	1	1	
0	1	1	1	1	
0	1	1	1	0	
10.1.4.1
1	0	1	1	1	
1	1	1	0	0	
1	1	1	1	1	
0	1	1	1	1	
0	1	1	1	0	
10.1.4.2
1	0	1	1	1	
1	1	1	0	0	
1	1	1	1	1	
0	1	1	1	1	
0	1	1	1	0	
10.1.4.3
1	0	1	1	1	
1	1	1	0	0	
1	1	1	1	1	
0	1	1	1	1	
0	1	1	1	0	
10.1.3.0
1	0	1	1	1	
1	1	1	0	0	
1	1	1	1	1	
0	1	1	1	1	
0	1	1	1	0	
10.1.3.1
1	0	1	1	1	
1	1	1	0	0	
1	1	1	1	1	
0	1	1	1	1	
0	1	1	1	0	
10.1.3.2
1	0	1	1	1	
1	1	1	0	0	
1	1	1	1	1	
0	1	1	1	1	
0	1	1	1	0	
10.1.3.3
1	0	1	1	1	
1	1	1	0	0	
1	1	1	1	1	
0	1	1	1	1	
0	1	1	1	0	
10.1.2.0
1	0	1	1	1	
1	1	1	0	0	
1	1	1	1	1	
0	1	1	1	1	
0	1	1	1	0	
10.1.2.1
1	0	1	1	1	
1	1	1	0	0	
1	1	1	1	1	
0	1	1	1	1	
0	1	1	1	0	
10.1.2.2
1	0	1	1	1	
1	1	1	0	0	
1	1	1	1	1	
0	1	1	1	1	
0	1	1	1	0	
10.1.2.3
1	0	1	1	1	
1	1	1	0	0	
1	1	1	1	1	
0	1	1	1	1	
0	1	1	1	0	
10.2.5.0
1	0	1	1	1	
1	1	1	0	0	
1	1	1	1	1	
0	1	1	1	1	
0	1	1	1	0	
10.2.5.1
1	0	1	1	1	
1	1	1	0	0	
1	1	1	1	1	
0	1	1	1	1	
0	1	1	1	0	
10.2.5.2
1	0	1	1	1	
1	1	1	0	0	
1	1	1	1	1	
0	1	1	1	1	
0	1	1	1	0	
10.2.5.3
1	0	1	1	1	
1	1	1	0	0	
1	1	1	1	1	
0	1	1	1	1	
0	1	1	1	0	
10.2.4.0
1	0	1	1	1	
1	1	1	0	0	
1	1	1	1	1	
0	1	1	1	1	
0	1	1	1	0	
10.2.4.1
1	0	1	1	1	
1	1	1	0	0	
1	1	1	1	1	
0	1	1	1	1	
0	1	1	1	0	
10.2.4.2
1	0	1	1	1	
1	1	1	0	0	
1	1	1	1	1	
0	1	1	1	1	
0	1	1	1	0	
10.2.4.3
1	0	1	1	1	
1	1	1	0	0	
1	1	1	1	1	
0	1	1	1	1	
0	1	1	1	0	
10.2.3.0
1	0	1	1	1	
1	1	1	0	0	
1	1	1	1	1	
0	1	1	1	1	
0	1	1	1	0	
10.2.3.1
1	0	1	1	1	
1	1	1	0	0	
1	1	1	1	1	
0	1	1	1	1	
0	1	1	1	0	
10.2.3.2
1	0	1	1	1	
1	1	1	0	0	
1	1	1	1	1	
0	1	1	1	1	
0	1	1	1	0	
10.2.3.3
1	0	1	1	1	
1	1	1	0	0	
1	1	1	1	1	
0	1	1	1	1	
0	1	1	1	0	
10.2.2.0
1	0	1	1	1	
1	1	1	0	0	
1	1	1	1	1	
0	1	1	1	1	
0	1	1	1	0	
10.2.2.1
1	0	1	1	1	
1	1	1	0	0	
1	1	1	1	1	
0	1	1	1	1	
0	1	1	1	0	
10.2.2.2
1	0	1	1	1	
1	1	1	0	0	
1	1	1	1	1	
0	1	1	1	1	
0	1	1	1	0	
10.2.2.3
1	0	1	1	1	
1	1	1	0	0	
1	1	1	1	1	
0	1	1	1	1	
0	1	1	1	0	
10.3.5.0
1	0	1	1	1	
1	1	1	0	0	
1	1	1	1	1	
0	1	1	1	1	
0	1	1	1	0	
10.3.5.1
1	0	1	1	1	
1	1	1	0	0	
1	1	1	1	1	
0	1	1	1	1	
0	1	1	1	0	
10.3.5.2
1	0	1	1	1	
1	1	1	0	0	
1	1	1	1	1	
0	1	1	1	1	
0	1	1	1	0	
10.3.5.3
1	0	1	1	1	
1	1	1	0	0	
1	1	1	1	1	
0	1	1	1	1	
0	1	1	1	0	
10.3.4.0
1	0	1	1	1	
1	1	1	0	0	
1	1	1	1	1	
0	1	1	1	1	
0	1	1	1	0	
10.3.4.1
1	0	1	1	1	
1	1	1	0	0	
1	1	1	1	1	
0	1	1	1	1	
0	1	1	1	0	
10.3.4.2
1	0	1	1	1	
1	1	1	0	0	
1	1	1	1	1	
0	1	1	1	1	
0	1	1	1	0	
10.3.4.3
1	0	1	1	1	
1	1	1	0	0	
1	1	1	1	1	
0	1	1	1	1	
0	1	1	1	0	
10.3.3.0
1	0	1	1	1	
1	1	1	0	0	
1	1	1	1	1	
0	1	1	1	1	
0	1	1	1	0	
10.3.3.1
1	0	1	1	1	
1	1	1	0	0	
1	1	1	1	1	
0	1	1	1	1	
0	1	1	1	0	
10.3.3.2
1	0	1	1	1	
1	1	1	0	0	
1	1	1	1	1	
0	1	1	1	1	
0	1	1	1	0	
10.3.3.3
1	0	1	1	1	
1	1	1	0	0	
1	1	1	1	1	
0	1	1	1	1	
0	1	1	1	0	
10.3.2.0
1	0	1	1	1	
1	1	1	0	0	
1	1	1	1	1	
0	1	1	1	1	
0	1	1	1	0	
10.3.2.1
1	0	1	1	1	
1	1	1	0	0	
1	1	1	1	1	
0	1	1	1	1	
0	1	1	1	0	
10.3.2.2
1	0	1	1	1	
1	1	1	0	0	
1	1	1	1	1	
0	1	1	1	1	
0	1	1	1	0	
10.3.2.3
1	0	1	1	1	
1	1	1	0	0	
1	1	1	1	1	
0	1	1	1	1	
0	1	1	1	0	
11.0.5.0
0	1	1	1	0	
1	1	0	1	1	
1	1	0	0	0	
1	1	1	0	0	
0	1	0	0	0	
11.0.5.1
0	1	1	1	0	
1	1	0	1	1	
1	1	0	0	0	
1	1	1	0	0	
0	1	0	0	0	
11.0.5.2
0	1	1	1	0	
1	1	0	1	1	
1	1	0	0	0	
1	1	1	0	0	
0	1	0	0	0	
11.0.5.3
0	1	1	1	0	
1	1	0	1	1	
1	1	0	0	0	
1	1	1	0	0	
0	1	0	0	0	
11.0.4.0
0	1	1	1	0	
1	1	0	1	1	
1	1	0	0	0	
1	1	1	0	0	
0	1	0	0	0	
11.0.4.1
0	1	1	1	0	
1	1	0	1	1	
1	1	0	0	0	
1	1	1	0	0	
0	1	0	0	0	
11.0.4.2
0	1	1	1	0	
1	1	0	1	1	
1	1	0	0	0	
1	1	1	0	0	
0	1	0	0	0	
11.0.4.3
0	1	1	1	0	
1	1	0	1	1	
1	1	0	0	0	
1	1	1	0	0	
0	1	0	0	0	
11.0.3.0
0	1	1	1	0	
1	1	0	1	1	
1	1	0	0	0	
1	1	1	0	0	
0	1	0	0	0	
11.0.3.1
0	1	1	1	0	
1	1	0	1	1	
1	1	0	0	0	
1	1	1	0	0	
0	1	0	0	0	
11.0.3.2
0	1	1	1	0	
1	1	0	1	1	
1	1	0	0	0	
1	1	1	0	0	
0	1	0	0	0	
11.0.3.3
0	1	1	1	0	
1	1	0	1	1	
1	1	0	0	0	
1	1	1	0	0	
0	1	0	0	0	
11.0.2.0
0	1	1	1	0	
1	1	0	1	1	
1	1	0	0	0	
1	1	1	0	0	
0	1	0	0	0	
11.0.2.1
0	1	1	1	0	
1	1	0	1	1	
1	1	0	0	0	
1	1	1	0	0	
0	1	0	0	0	
11.0.2.2
0	1	1	1	0	
1	1	0	1	1	
1	1	0	0	0	
1	1	1	0	0	
0	1	0	0	0	
11.0.2.3
0	1	1	1	0	
1	1	0	1	1	
1	1	0	0	0	
1	1	1	0	0	
0	1	0	0	0	
11.1.5.0
0	1	1	1	0	
1	1	0	1	1	
1	1	0	0	0	
1	1	1	0	0	
0	1	0	0	0	
11.1.5.1
0	1	1	1	0	
1	1	0	1	1	
1	1	0	0	0	
1	1	1	0	0	
0	1	0	0	0	
11.1.5.2
0	1	1	1	0	
1	1	0	1	1	
1	1	0	0	0	
1	1	1	0	0	
0	1	0	0	0	
11.1.5.3
0	1	1	1	0	
1	1	0	1	1	
1	1	0	0	0	
1	1	1	0	0	
0	1	0	0	0	
11.1.4.0
0	1	1	1	0	
1	1	0	1	1	
1	1	0	0	0	
1	1	1	0	0	
0	1	0	0	0	
11.1.4.1
0	1	1	1	0	
1	1	0	1	1	
1	1	0	0	0	
1	1	1	0	0	
0	1	0	0	0	
11.1.4.2
0	1	1	1	0	
1	1	0	1	1	
1	1	0	0	0	
1	1	1	0	0	
0	1	0	0	0	
11.1.4.3
0	1	1	1	0	
1	1	0	1	1	
1	1	0	0	0	
1	1	1	0	0	
0	1	0	0	0	
11.1.3.0
0	1	1	1	0	
1	1	0	1	1	
1	1	0	0	0	
1	1	1	0	0	
0	1	0	0	0	
11.1.3.1
0	1	1	1	0	
1	1	0	1	1	
1	1	0	0	0	
1	1	1	0	0	
0	1	0	0	0	
11.1.3.2
0	1	1	1	0	
1	1	0	1	1	
1	1	0	0	0	
1	1	1	0	0	
0	1	0	0	0	
11.1.3.3
0	1	1	1	0	
1	1	0	1	1	
1	1	0	0	0	
1	1	1	0	0	
0	1	0	0	0	
11.1.2.0
0	1	1	1	0	
1	1	0	1	1	
1	1	0	0	0	
1	1	1	0	0	
0	1	0	0	0	
11.1.2.1
0	1	1	1	0	
1	1	0	1	1	
1	1	0	0	0	
1	1	1	0	0	
0	1	0	0	0	
11.1.2.2
0	1	1	1	0	
1	1	0	1	1	
1	1	0	0	0	
1	1	1	0	0	
0	1	0	0	0	
11.1.2.3
0	1	1	1	0	
1	1	0	1	1	
1	1	0	0	0	
1	1	1	0	0	
0	1	0	0	0	
11.2.5.0
0	1	1	1	0	
1	1	0	1	1	
1	1	0	0	0	
1	1	1	0	0	
0	1	0	0	0	
11.2.5.1
0	1	1	1	0	
1	1	0	1	1	
1	1	0	0	0	
1	1	1	0	0	
0	1	0	0	0	
11.2.5.2
0	1	1	1	0	
1	1	0	1	1	
1	1	0	0	0	
1	1	1	0	0	
0	1	0	0	0	
11.2.5.3
0	1	1	1	0	
1	1	0	1	1	
1	1	0	0	0	
1	1	1	0	0	
0	1	0	0	0	
11.2.4.0
0	1	1	1	0	
1	1	0	1	1	
1	1	0	0	0	
1	1	1	0	0	
0	1	0	0	0	
11.2.4.1
0	1	1	1	0	
1	1	0	1	1	
1	1	0	0	0	
1	1	1	0	0	
0	1	0	0	0	
11.2.4.2
0	1	1	1	0	
1	1	0	1	1	
1	1	0	0	0	
1	1	1	0	0	
0	1	0	0	0	
11.2.4.3
0	1	1	1	0	
1	1	0	1	1	
1	1	0	0	0	
1	1	1	0	0	
0	1	0	0	0	
11.2.3.0
0	1	1	1	0	
1	1	0	1	1	
1	1	0	0	0	
1	1	1	0	0	
0	1	0	0	0	
11.2.3.1
0	1	1	1	0	
1	1	0	1	1	
1	1	0	0	0	
1	1	1	0	0	
0	1	0	0	0	
11.2.3.2
0	1	1	1	0	
1	1	0	1	1	
1	1	0	0	0	
1	1	1	0	0	
0	1	0	0	0	
11.2.3.3
0	1	1	1	0	
1	1	0	1	1	
1	1	0	0	0	
1	1	1	0	0	
0	1	0	0	0	
11.2.2.0
0	1	1	1	0	
1	1	0	1	1	
1	1	0	0	0	
1	1	1	0	0	
0	1	0	0	0	
11.2.2.1
0	1	1	1	0	
1	1	0	1	1	
1	1	0	0	0	
1	1	1	0	0	
0	1	0	0	0	
11.2.2.2
0	1	1	1	0	
1	1	0	1	1	
1	1	0	0	0	
1	1	1	0	0	
0	1	0	0	0	
11.2.2.3
0	1	1	1	0	
1	1	0	1	1	
1	1	0	0	0	
1	1	1	0	0	
0	1	0	0	0	
11.3.5.0
0	1	1	1	0	
1	1	0	1	1	
1	1	0	0	0	
1	1	1	0	0	
0	1	0	0	0	
11.3.5.1
0	1	1	1	0	
1	1	0	1	1	
1	1	0	0	0	
1	1	1	0	0	
0	1	0	0	0	
11.3.5.2
0	1	1	1	0	
1	1	0	1	1	
1	1	0	0	0	
1	1	1	0	0	
0	1	0	0	0	
11.3.5.3
0	1	1	1	0	
1	1	0	1	1	
1	1	0	0	0	
1	1	1	0	0	
0	1	0	0	0	
11.3.4.0
0	1	1	1	0	
1	1	0	1	1	
1	1	0	0	0	
1	1	1	0	0	
0	1	0	0	0	
11.3.4.1
0	1	1	1	0	
1	1	0	1	1	
1	1	0	0	0	
1	1	1	0	0	
0	1	0	0	0	
11.3.4.2
0	1	1	1	0	
1	1	0	1	1	
1	1	0	0	0	
1	1	1	0	0	
0	1	0	0	0	
11.3.4.3
0	1	1	1	0	
1	1	0	1	1	
1	1	0	0	0	
1	1	1	0	0	
0	1	0	0	0	
11.3.3.0
0	1	1	1	0	
1	1	0	1	1	
1	1	0	0	0	
1	1	1	0	0	
0	1	0	0	0	
11.3.3.1
0	1	1	1	0	
1	1	0	1	1	
1	1	0	0	0	
1	1	1	0	0	
0	1	0	0	0	
11.3.3.2
0	1	1	1	0	
1	1	0	1	1	
1	1	0	0	0	
1	1	1	0	0	
0	1	0	0	0	
11.3.3.3
0	1	1	1	0	
1	1	0	1	1	
1	1	0	0	0	
1	1	1	0	0	
0	1	0	0	0	
11.3.2.0
0	1	1	1	0	
1	1	0	1	1	
1	1	0	0	0	
1	1	1	0	0	
0	1	0	0	0	
11.3.2.1
0	1	1	1	0	
1	1	0	1	1	
1	1	0	0	0	
1	1	1	0	0	
0	1	0	0	0	
11.3.2.2
0	1	1	1	0	
1	1	0	1	1	
1	1	0	0	0	
1	1	1	0	0	
0	1	0	0	0	
11.3.2.3
0	1	1	1	0	
1	1	0	1	1	
1	1	0	0	0	
1	1	1	0	0	
0	1	0	0	0	
12.0.5.0
1	1	0	0	0	
1	0	1	1	0	
1	1	1	1	1	
1	0	0	0	1	
1	0	0	0	0	
12.0.5.1
1	1	0	0	0	
1	0	1	1	0	
1	1	1	1	1	
1	0	0	0	1	
1	0	0	0	0	
12.0.5.2
1	1	0	0	0	
1	0	1	1	0	
1	1	1	1	1	
1	0	0	0	1	
1	0	0	0	0	
12.0.5.3
1	1	0	0	0	
1	0	1	1	0	
1	1	1	1	1	
1	0	0	0	1	
1	0	0	0	0	
12.0.4.0
1	1	0	0	0	
1	0	1	1	0	
1	1	1	1	1	
1	0	0	0	1	
1	0	0	0	0	
12.0.4.1
1	1	0	0	0	
1	0	1	1	0	
1	1	1	1	1	
1	0	0	0	1	
1	0	0	0	0	
12.0.4.2
1	1	0	0	0	
1	0	1	1	0	
1	1	1	1	1	
1	0	0	0	1	
1	0	0	0	0	
12.0.4.3
1	1	0	0	0	
1	0	1	1	0	
1	1	1	1	1	
1	0	0	0	1	
1	0	0	0	0	
12.0.3.0
1	1	0	0	0	
1	0	1	1	0	
1	1	1	1	1	
1	0	0	0	1	
1	0	0	0	0	
12.0.3.1
1	1	0	0	0	
1	0	1	1	0	
1	1	1	1	1	
1	0	0	0	1	
1	0	0	0	0	
12.0.3.2
1	1	0	0	0	
1	0	1	1	0	
1	1	1	1	1	
1	0	0	0	1	
1	0	0	0	0	
12.0.3.3
1	1	0	0	0	
1	0	1	1	0	
1	1	1	1	1	
1	0	0	0	1	
1	0	0	0	0	
12.0.2.0
1	1	0	0	0	
1	0	1	1	0	
1	1	1	1	1	
1	0	0	0	1	
1	0	0	0	0	
12.0.2.1
1	1	0	0	0	
1	0	1	1	0	
1	1	1	1	1	
1	0	0	0	1	
1	0	0	0	0	
12.0.2.2
1	1	0	0	0	
1	0	1	1	0	
1	1	1	1	1	
1	0	0	0	1	
1	0	0	0	0	
12.0.2.3
1	1	0	0	0	
1	0	1	1	0	
1	1	1	1	1	
1	0	0	0	1	
1	0	0	0	0	
12.1.5.0
1	1	0	0	0	
1	0	1	1	0	
1	1	1	1	1	
1	0	0	0	1	
1	0	0	0	0	
12.1.5.1
1	1	0	0	0	
1	0	1	1	0	
1	1	1	1	1	
1	0	0	0	1	
1	0	0	0	0	
12.1.5.2
1	1	0	0	0	
1	0	1	1	0	
1	1	1	1	1	
1	0	0	0	1	
1	0	0	0	0	
12.1.5.3
1	1	0	0	0	
1	0	1	1	0	
1	1	1	1	1	
1	0	0	0	1	
1	0	0	0	0	
12.1.4.0
1	1	0	0	0	
1	0	1	1	0	
1	1	1	1	1	
1	0	0	0	1	
1	0	0	0	0	
12.1.4.1
1	1	0	0	0	
1	0	1	1	0	
1	1	1	1	1	
1	0	0	0	1	
1	0	0	0	0	
12.1.4.2
1	1	0	0	0	
1	0	1	1	0	
1	1	1	1	1	
1	0	0	0	1	
1	0	0	0	0	
12.1.4.3
1	1	0	0	0	
1	0	1	1	0	
1	1	1	1	1	
1	0	0	0	1	
1	0	0	0	0	
12.1.3.0
1	1	0	0	0	
1	0	1	1	0	
1	1	1	1	1	
1	0	0	0	1	
1	0	0	0	0	
12.1.3.1
1	1	0	0	0	
1	0	1	1	0	
1	1	1	1	1	
1	0	0	0	1	
1	0	0	0	0	
12.1.3.2
1	1	0	0	0	
1	0	1	1	0	
1	1	1	1	1	
1	0	0	0	1	
1	0	0	0	0	
12.1.3.3
1	1	0	0	0	
1	0	1	1	0	
1	1	1	1	1	
1	0	0	0	1	
1	0	0	0	0	
12.1.2.0
1	1	0	0	0	
1	0	1	1	0	
1	1	1	1	1	
1	0	0	0	1	
1	0	0	0	0	
12.1.2.1
1	1	0	0	0	
1	0	1	1	0	
1	1	1	1	1	
1	0	0	0	1	
1	0	0	0	0	
12.1.2.2
1	1	0	0	0	
1	0	1	1	0	
1	1	1	1	1	
1	0	0	0	1	
1	0	0	0	0	
12.1.2.3
1	1	0	0	0	
1	0	1	1	0	
1	1	1	1	1	
1	0	0	0	1	
1	0	0	0	0	
12.2.5.0
1	1	0	0	0	
1	0	1	1	0	
1	1	1	1	1	
1	0	0	0	1	
1	0	0	0	0	
12.2.5.1
1	1	0	0	0	
1	0	1	1	0	
1	1	1	1	1	
1	0	0	0	1	
1	0	0	0	0	
12.2.5.2
1	1	0	0	0	
1	0	1	1	0	
1	1	1	1	1	
1	0	0	0	1	
1	0	0	0	0	
12.2.5.3
1	1	0	0	0	
1	0	1	1	0	
1	1	1	1	1	
1	0	0	0	1	
1	0	0	0	0	
12.2.4.0
1	1	0	0	0	
1	0	1	1	0	
1	1	1	1	1	
1	0	0	0	1	
1	0	0	0	0	
12.2.4.1
1	1	0	0	0	
1	0	1	1	0	
1	1	1	1	1	
1	0	0	0	1	
1	0	0	0	0	
12.2.4.2
1	1	0	0	0	
1	0	1	1	0	
1	1	1	1	1	
1	0	0	0	1	
1	0	0	0	0	
12.2.4.3
1	1	0	0	0	
1	0	1	1	0	
1	1	1	1	1	
1	0	0	0	1	
1	0	0	0	0	
12.2.3.0
1	1	0	0	0	
1	0	1	1	0	
1	1	1	1	1	
1	0	0	0	1	
1	0	0	0	0	
12.2.3.1
1	1	0	0	0	
1	0	1	1	0	
1	1	1	1	1	
1	0	0	0	1	
1	0	0	0	0	
12.2.3.2
1	1	0	0	0	
1	0	1	1	0	
1	1	1	1	1	
1	0	0	0	1	
1	0	0	0	0	
12.2.3.3
1	1	0	0	0	
1	0	1	1	0	
1	1	1	1	1	
1	0	0	0	1	
1	0	0	0	0	
12.2.2.0
1	1	0	0	0	
1	0	1	1	0	
1	1	1	1	1	
1	0	0	0	1	
1	0	0	0	0	
12.2.2.1
1	1	0	0	0	
1	0	1	1	0	
1	1	1	1	1	
1	0	0	0	1	
1	0	0	0	0	
12.2.2.2
1	1	0	0	0	
1	0	1	1	0	
1	1	1	1	1	
1	0	0	0	1	
1	0	0	0	0	
12.2.2.3
1	1	0	0	0	
1	0	1	1	0	
1	1	1	1	1	
1	0	0	0	1	
1	0	0	0	0	
12.3.5.0
1	1	0	0	0	
1	0	1	1	0	
1	1	1	1	1	
1	0	0	0	1	
1	0	0	0	0	
12.3.5.1
1	1	0	0	0	
1	0	1	1	0	
1	1	1	1	1	
1	0	0	0	1	
1	0	0	0	0	
12.3.5.2
1	1	0	0	0	
1	0	1	1	0	
1	1	1	1	1	
1	0	0	0	1	
1	0	0	0	0	
12.3.5.3
1	1	0	0	0	
1	0	1	1	0	
1	1	1	1	1	
1	0	0	0	1	
1	0	0	0	0	
12.3.4.0
1	1	0	0	0	
1	0	1	1	0	
1	1	1	1	1	
1	0	0	0	1	
1	0	0	0	0	
12.3.4.1
1	1	0	0	0	
1	0	1	1	0	
1	1	1	1	1	
1	0	0	0	1	
1	0	0	0	0	
12.3.4.2
1	1	0	0	0	
1	0	1	1	0	
1	1	1	1	1	
1	0	0	0	1	
1	0	0	0	0	
12.3.4.3
1	1	0	0	0	
1	0	1	1	0	
1	1	1	1	1	
1	0	0	0	1	
1	0	0	0	0	
12.3.3.0
1	1	0	0	0	
1	0	1	1	0	
1	1	1	1	1	
1	0	0	0	1	
1	0	0	0	0	
12.3.3.1
1	1	0	0	0	
1	0	1	1	0	
1	1	1	1	1	
1	0	0	0	1	
1	0	0	0	0	
12.3.3.2
1	1	0	0	0	
1	0	1	1	0	
1	1	1	1	1	
1	0	0	0	1	
1	0	0	0	0	
12.3.3.3
1	1	0	0	0	
1	0	1	1	0	
1	1	1	1	1	
1	0	0	0	1	
1	0	0	0	0	
12.3.2.0
1	1	0	0	0	
1	0	1	1	0	
1	1	1	1	1	
1	0	0	0	1	
1	0	0	0	0	
12.3.2.1
1	1	0	0	0	
1	0	1	1	0	
1	1	1	1	1	
1	0	0	0	1	
1	0	0	0	0	
12.3.2.2
1	1	0	0	0	
1	0	1	1	0	
1	1	1	1	1	
1	0	0	0	1	
1	0	0	0	0	
12.3.2.3
1	1	0	0	0	
1	0	1	1	0	
1	1	1	1	1	
1	0	0	0	1	
1	0	0	0	0	
13.0.5.0
0	0	0	1	0	
1	1	0	1	0	
0	1	1	1	0	
1	1	1	0	0	
0	0	1	1	1	
13.0.5.1
0	0	0	1	0	
1	1	0	1	0	
0	1	1	1	0	
1	1	1	0	0	
0	0	1	1	1	
13.0.5.2
0	0	0	1	0	
1	1	0	1	0	
0	1	1	1	0	
1	1	1	0	0	
0	0	1	1	1	
13.0.5.3
0	0	0	1	0	
1	1	0	1	0	
0	1	1	1	0	
1	1	1	0	0	
0	0	1	1	1	
13.0.4.0
0	0	0	1	0	
1	1	0	1	0	
0	1	1	1	0	
1	1	1	0	0	
0	0	1	1	1	
13.0.4.1
0	0	0	1	0	
1	1	0	1	0	
0	1	1	1	0	
1	1	1	0	0	
0	0	1	1	1	
13.0.4.2
0	0	0	1	0	
1	1	0	1	0	
0	1	1	1	0	
1	1	1	0	0	
0	0	1	1	1	
13.0.4.3
0	0	0	1	0	
1	1	0	1	0	
0	1	1	1	0	
1	1	1	0	0	
0	0	1	1	1	
13.0.3.0
0	0	0	1	0	
1	1	0	1	0	
0	1	1	1	0	
1	1	1	0	0	
0	0	1	1	1	
13.0.3.1
0	0	0	1	0	
1	1	0	1	0	
0	1	1	1	0	
1	1	1	0	0	
0	0	1	1	1	
13.0.3.2
0	0	0	1	0	
1	1	0	1	0	
0	1	1	1	0	
1	1	1	0	0	
0	0	1	1	1	
13.0.3.3
0	0	0	1	0	
1	1	0	1	0	
0	1	1	1	0	
1	1	1	0	0	
0	0	1	1	1	
13.0.2.0
0	0	0	1	0	
1	1	0	1	0	
0	1	1	1	0	
1	1	1	0	0	
0	0	1	1	1	
13.0.2.1
0	0	0	1	0	
1	1	0	1	0	
0	1	1	1	0	
1	1	1	0	0	
0	0	1	1	1	
13.0.2.2
0	0	0	1	0	
1	1	0	1	0	
0	1	1	1	0	
1	1	1	0	0	
0	0	1	1	1	
13.0.2.3
0	0	0	1	0	
1	1	0	1	0	
0	1	1	1	0	
1	1	1	0	0	
0	0	1	1	1	
13.1.5.0
0	0	0	1	0	
1	1	0	1	0	
0	1	1	1	0	
1	1	1	0	0	
0	0	1	1	1	
13.1.5.1
0	0	0	1	0	
1	1	0	1	0	
0	1	1	1	0	
1	1	1	0	0	
0	0	1	1	1	
13.1.5.2
0	0	0	1	0	
1	1	0	1	0	
0	1	1	1	0	
1	1	1	0	0	
0	0	1	1	1	
13.1.5.3
0	0	0	1	0	
1	1	0	1	0	
0	1	1	1	0	
1	1	1	0	0	
0	0	1	1	1	
13.1.4.0
0	0	0	1	0	
1	1	0	1	0	
0	1	1	1	0	
1	1	1	0	0	
0	0	1	1	1	
13.1.4.1
0	0	0	1	0	
1	1	0	1	0	
0	1	1	1	0	
1	1	1	0	0	
0	0	1	1	1	
13.1.4.2
0	0	0	1	0	
1	1	0	1	0	
0	1	1	1	0	
1	1	1	0	0	
0	0	1	1	1	
13.1.4.3
0	0	0	1	0	
1	1	0	1	0	
0	1	1	1	0	
1	1	1	0	0	
0	0	1	1	1	
13.1.3.0
0	0	0	1	0	
1	1	0	1	0	
0	1	1	1	0	
1	1	1	0	0	
0	0	1	1	1	
13.1.3.1
0	0	0	1	0	
1	1	0	1	0	
0	1	1	1	0	
1	1	1	0	0	
0	0	1	1	1	
13.1.3.2
0	0	0	1	0	
1	1	0	1	0	
0	1	1	1	0	
1	1	1	0	0	
0	0	1	1	1	
13.1.3.3
0	0	0	1	0	
1	1	0	1	0	
0	1	1	1	0	
1	1	1	0	0	
0	0	1	1	1	
13.1.2.0
0	0	0	1	0	
1	1	0	1	0	
0	1	1	1	0	
1	1	1	0	0	
0	0	1	1	1	
13.1.2.1
0	0	0	1	0	
1	1	0	1	0	
0	1	1	1	0	
1	1	1	0	0	
0	0	1	1	1	
13.1.2.2
0	0	0	1	0	
1	1	0	1	0	
0	1	1	1	0	
1	1	1	0	0	
0	0	1	1	1	
13.1.2.3
0	0	0	1	0	
1	1	0	1	0	
0	1	1	1	0	
1	1	1	0	0	
0	0	1	1	1	
13.2.5.0
0	0	0	1	0	
1	1	0	1	0	
0	1	1	1	0	
1	1	1	0	0	
0	0	1	1	1	
13.2.5.1
0	0	0	1	0	
1	1	0	1	0	
0	1	1	1	0	
1	1	1	0	0	
0	0	1	1	1	
13.2.5.2
0	0	0	1	0	
1	1	0	1	0	
0	1	1	1	0	
1	1	1	0	0	
0	0	1	1	1	
13.2.5.3
0	0	0	1	0	
1	1	0	1	0	
0	1	1	1	0	
1	1	1	0	0	
0	0	1	1	1	
13.2.4.0
0	0	0	1	0	
1	1	0	1	0	
0	1	1	1	0	
1	1	1	0	0	
0	0	1	1	1	
13.2.4.1
0	0	0	1	0	
1	1	0	1	0	
0	1	1	1	0	
1	1	1	0	0	
0	0	1	1	1	
13.2.4.2
0	0	0	1	0	
1	1	0	1	0	
0	1	1	1	0	
1	1	1	0	0	
0	0	1	1	1	
13.2.4.3
0	0	0	1	0	
1	1	0	1	0	
0	1	1	1	0	
1	1	1	0	0	
0	0	1	1	1	
13.2.3.0
0	0	0	1	0	
1	1	0	1	0	
0	1	1	1	0	
1	1	1	0	0	
0	0	1	1	1	
13.2.3.1
0	0	0	1	0	
1	1	0	1	0	
0	1	1	1	0	
1	1	1	0	0	
0	0	1	1	1	
13.2.3.2
0	0	0	1	0	
1	1	0	1	0	
0	1	1	1	0	
1	1	1	0	0	
0	0	1	1	1	
13.2.3.3
0	0	0	1	0	
1	1	0	1	0	
0	1	1	1	0	
1	1	1	0	0	
0	0	1	1	1	
13.2.2.0
0	0	0	1	0	
1	1	0	1	0	
0	1	1	1	0	
1	1	1	0	0	
0	0	1	1	1	
13.2.2.1
0	0	0	1	0	
1	1	0	1	0	
0	1	1	1	0	
1	1	1	0	0	
0	0	1	1	1	
13.2.2.2
0	0	0	1	0	
1	1	0	1	0	
0	1	1	1	0	
1	1	1	0	0	
0	0	1	1	1	
13.2.2.3
0	0	0	1	0	
1	1	0	1	0	
0	1	1	1	0	
1	1	1	0	0	
0	0	1	1	1	
13.3.5.0
0	0	0	1	0	
1	1	0	1	0	
0	1	1	1	0	
1	1	1	0	0	
0	0	1	1	1	
13.3.5.1
0	0	0	1	0	
1	1	0	1	0	
0	1	1	1	0	
1	1	1	0	0	
0	0	1	1	1	
13.3.5.2
0	0	0	1	0	
1	1	0	1	0	
0	1	1	1	0	
1	1	1	0	0	
0	0	1	1	1	
13.3.5.3
0	0	0	1	0	
1	1	0	1	0	
0	1	1	1	0	
1	1	1	0	0	
0	0	1	1	1	
13.3.4.0
0	0	0	1	0	
1	1	0	1	0	
0	1	1	1	0	
1	1	1	0	0	
0	0	1	1	1	
13.3.4.1
0	0	0	1	0	
1	1	0	1	0	
0	1	1	1	0	
1	1	1	0	0	
0	0	1	1	1	
13.3.4.2
0	0	0	1	0	
1	1	0	1	0	
0	1	1	1	0	
1	1	1	0	0	
0	0	1	1	1	
13.3.4.3
0	0	0	1	0	
1	1	0	1	0	
0	1	1	1	0	
1	1	1	0	0	
0	0	1	1	1	
13.3.3.0
0	0	0	1	0	
1	1	0	1	0	
0	1	1	1	0	
1	1	1	0	0	
0	0	1	1	1	
13.3.3.1
0	0	0	1	0	
1	1	0	1	0	
0	1	1	1	0	
1	1	1	0	0	
0	0	1	1	1	
13.3.3.2
0	0	0	1	0	
1	1	0	1	0	
0	1	1	1	0	
1	1	1	0	0	
0	0	1	1	1	
13.3.3.3
0	0	0	1	0	
1	1	0	1	0	
0	1	1	1	0	
1	1	1	0	0	
0	0	1	1	1	
13.3.2.0
0	0	0	1	0	
1	1	0	1	0	
0	1	1	1	0	
1	1	1	0	0	
0	0	1	1	1	
13.3.2.1
0	0	0	1	0	
1	1	0	1	0	
0	1	1	1	0	
1	1	1	0	0	
0	0	1	1	1	
13.3.2.2
0	0	0	1	0	
1	1	0	1	0	
0	1	1	1	0	
1	1	1	0	0	
0	0	1	1	1	
13.3.2.3
0	0	0	1	0	
1	1	0	1	0	
0	1	1	1	0	
1	1	1	0	0	
0	0	1	1	1	
14.0.5.0
1	1	1	1	0	
0	0	0	1	0	
0	0	0	1	1	
0	0	0	1	1	
0	1	1	1	1	
14.0.5.1
1	1	1	1	0	
0	0	0	1	0	
0	0	0	1	1	
0	0	0	1	1	
0	1	1	1	1	
14.0.5.2
1	1	1	1	0	
0	0	0	1	0	
0	0	0	1	1	
0	0	0	1	1	
0	1	1	1	1	
14.0.5.3
1	1	1	1	0	
0	0	0	1	0	
0	0	0	1	1	
0	0	0	1	1	
0	1	1	1	1	
14.0.4.0
1	1	1	1	0	
0	0	0	1	0	
0	0	0	1	1	
0	0	0	1	1	
0	1	1	1	1	
14.0.4.1
1	1	1	1	0	
0	0	0	1	0	
0	0	0	1	1	
0	0	0	1	1	
0	1	1	1	1	
14.0.4.2
1	1	1	1	0	
0	0	0	1	0	
0	0	0	1	1	
0	0	0	1	1	
0	1	1	1	1	
14.0.4.3
1	1	1	1	0	
0	0	0	1	0	
0	0	0	1	1	
0	0	0	1	1	
0	1	1	1	1	
14.0.3.0
1	1	1	1	0	
0	0	0	1	0	
0	0	0	1	1	
0	0	0	1	1	
0	1	1	1	1	
14.0.3.1
1	1	1	1	0	
0	0	0	1	0	
0	0	0	1	1	
0	0	0	1	1	
0	1	1	1	1	
14.0.3.2
1	1	1	1	0	
0	0	0	1	0	
0	0	0	1	1	
0	0	0	1	1	
0	1	1	1	1	
14.0.3.3
1	1	1	1	0	
0	0	0	1	0	
0	0	0	1	1	
0	0	0	1	1	
0	1	1	1	1	
14.0.2.0
1	1	1	1	0	
0	0	0	1	0	
0	0	0	1	1	
0	0	0	1	1	
0	1	1	1	1	
14.0.2.1
1	1	1	1	0	
0	0	0	1	0	
0	0	0	1	1	
0	0	0	1	1	
0	1	1	1	1	
14.0.2.2
1	1	1	1	0	
0	0	0	1	0	
0	0	0	1	1	
0	0	0	1	1	
0	1	1	1	1	
14.0.2.3
1	1	1	1	0	
0	0	0	1	0	
0	0	0	1	1	
0	0	0	1	1	
0	1	1	1	1	
14.1.5.0
1	1	1	1	0	
0	0	0	1	0	
0	0	0	1	1	
0	0	0	1	1	
0	1	1	1	1	
14.1.5.1
1	1	1	1	0	
0	0	0	1	0	
0	0	0	1	1	
0	0	0	1	1	
0	1	1	1	1	
14.1.5.2
1	1	1	1	0	
0	0	0	1	0	
0	0	0	1	1	
0	0	0	1	1	
0	1	1	1	1	
14.1.5.3
1	1	1	1	0	
0	0	0	1	0	
0	0	0	1	1	
0	0	0	1	1	
0	1	1	1	1	
14.1.4.0
1	1	1	1	0	
0	0	0	1	0	
0	0	0	1	1	
0	0	0	1	1	
0	1	1	1	1	
14.1.4.1
1	1	1	1	0	
0	0	0	1	0	
0	0	0	1	1	
0	0	0	1	1	
0	1	1	1	1	
14.1.4.2
1	1	1	1	0	
0	0	0	1	0	
0	0	0	1	1	
0	0	0	1	1	
0	1	1	1	1	
14.1.4.3
1	1	1	1	0	
0	0	0	1	0	
0	0	0	1	1	
0	0	0	1	1	
0	1	1	1	1	
14.1.3.0
1	1	1	1	0	
0	0	0	1	0	
0	0	0	1	1	
0	0	0	1	1	
0	1	1	1	1	
14.1.3.1
1	1	1	1	0	
0	0	0	1	0	
0	0	0	1	1	
0	0	0	1	1	
0	1	1	1	1	
14.1.3.2
1	1	1	1	0	
0	0	0	1	0	
0	0	0	1	1	
0	0	0	1	1	
0	1	1	1	1	
14.1.3.3
1	1	1	1	0	
0	0	0	1	0	
0	0	0	1	1	
0	0	0	1	1	
0	1	1	1	1	
14.1.2.0
1	1	1	1	0	
0	0	0	1	0	
0	0	0	1	1	
0	0	0	1	1	
0	1	1	1	1	
14.1.2.1
1	1	1	1	0	
0	0	0	1	0	
0	0	0	1	1	
0	0	0	1	1	
0	1	1	1	1	
14.1.2.2
1	1	1	1	0	
0	0	0	1	0	
0	0	0	1	1	
0	0	0	1	1	
0	1	1	1	1	
14.1.2.3
1	1	1	1	0	
0	0	0	1	0	
0	0	0	1	1	
0	0	0	1	1	
0	1	1	1	1	
14.2.5.0
1	1	1	1	0	
0	0	0	1	0	
0	0	0	1	1	
0	0	0	1	1	
0	1	1	1	1	
14.2.5.1
1	1	1	1	0	
0	0	0	1	0	
0	0	0	1	1	
0	0	0	1	1	
0	1	1	1	1	
14.2.5.2
1	1	1	1	0	
0	0	0	1	0	
0	0	0	1	1	
0	0	0	1	1	
0	1	1	1	1	
14.2.5.3
1	1	1	1	0	
0	0	0	1	0	
0	0	0	1	1	
0	0	0	1	1	
0	1	1	1	1	
14.2.4.0
1	1	1	1	0	
0	0	0	1	0	
0	0	0	1	1	
0	0	0	1	1	
0	1	1	1	1	
14.2.4.1
1	1	1	1	0	
0	0	0	1	0	
0	0	0	1	1	
0	0	0	1	1	
0	1	1	1	1	
14.2.4.2
1	1	1	1	0	
0	0	0	1	0	
0	0	0	1	1	
0	0	0	1	1	
0	1	1	1	1	
14.2.4.3
1	1	1	1	0	
0	0	0	1	0	
0	0	0	1	1	
0	0	0	1	1	
0	1	1	1	1	
14.2.3.0
1	1	1	1	0	
0	0	0	1	0	
0	0	0	1	1	
0	0	0	1	1	
0	1	1	1	1	
14.2.3.1
1	1	1	1	0	
0	0	0	1	0	
0	0	0	1	1	
0	0	0	1	1	
0	1	1	1	1	
14.2.3.2
1	1	1	1	0	
0	0	0	1	0	
0	0	0	1	1	
0	0	0	1	1	
0	1	1	1	1	
14.2.3.3
1	1	1	1	0	
0	0	0	1	0	
0	0	0	1	1	
0	0	0	1	1	
0	1	1	1	1	
14.2.2.0
1	1	1	1	0	
0	0	0	1	0	
0	0	0	1	1	
0	0	0	1	1	
0	1	1	1	1	
14.2.2.1
1	1	1	1	0	
0	0	0	1	0	
0	0	0	1	1	
0	0	0	1	1	
0	1	1	1	1	
14.2.2.2
1	1	1	1	0	
0	0	0	1	0	
0	0	0	1	1	
0	0	0	1	1	
0	1	1	1	1	
14.2.2.3
1	1	1	1	0	
0	0	0	1	0	
0	0	0	1	1	
0	0	0	1	1	
0	1	1	1	1	
14.3.5.0
1	1	1	1	0	
0	0	0	1	0	
0	0	0	1	1	
0	0	0	1	1	
0	1	1	1	1	
14.3.5.1
1	1	1	1	0	
0	0	0	1	0	
0	0	0	1	1	
0	0	0	1	1	
0	1	1	1	1	
14.3.5.2
1	1	1	1	0	
0	0	0	1	0	
0	0	0	1	1	
0	0	0	1	1	
0	1	1	1	1	
14.3.5.3
1	1	1	1	0	
0	0	0	1	0	
0	0	0	1	1	
0	0	0	1	1	
0	1	1	1	1	
14.3.4.0
1	1	1	1	0	
0	0	0	1	0	
0	0	0	1	1	
0	0	0	1	1	
0	1	1	1	1	
14.3.4.1
1	1	1	1	0	
0	0	0	1	0	
0	0	0	1	1	
0	0	0	1	1	
0	1	1	1	1	
14.3.4.2
1	1	1	1	0	
0	0	0	1	0	
0	0	0	1	1	
0	0	0	1	1	
0	1	1	1	1	
14.3.4.3
1	1	1	1	0	
0	0	0	1	0	
0	0	0	1	1	
0	0	0	1	1	
0	1	1	1	1	
14.3.3.0
1	1	1	1	0	
0	0	0	1	0	
0	0	0	1	1	
0	0	0	1	1	
0	1	1	1	1	
14.3.3.1
1	1	1	1	0	
0	0	0	1	0	
0	0	0	1	1	
0	0	0	1	1	
0	1	1	1	1	
14.3.3.2
1	1	1	1	0	
0	0	0	1	0	
0	0	0	1	1	
0	0	0	1	1	
0	1	1	1	1	
14.3.3.3
1	1	1	1	0	
0	0	0	1	0	
0	0	0	1	1	
0	0	0	1	1	
0	1	1	1	1	
14.3.2.0
1	1	1	1	0	
0	0	0	1	0	
0	0	0	1	1	
0	0	0	1	1	
0	1	1	1	1	
14.3.2.1
1	1	1	1	0	
0	0	0	1	0	
0	0	0	1	1	
0	0	0	1	1	
0	1	1	1	1	
14.3.2.2
1	1	1	1	0	
0	0	0	1	0	
0	0	0	1	1	
0	0	0	1	1	
0	1	1	1	1	
14.3.2.3
1	1	1	1	0	
0	0	0	1	0	
0	0	0	1	1	
0	0	0	1	1	
0	1	1	1	1	
15.0.5.0
0	0	1	1	0	
0	0	0	1	0	
0	1	1	1	0	
0	0	1	0	1	
1	1	1	1	1	
15.0.5.1
0	0	1	1	0	
0	0	0	1	0	
0	1	1	1	0	
0	0	1	0	1	
1	1	1	1	1	
15.0.5.2
0	0	1	1	0	
0	0	0	1	0	
0	1	1	1	0	
0	0	1	0	1	
1	1	1	1	1	
15.0.5.3
0	0	1	1	0	
0	0	0	1	0	
0	1	1	1	0	
0	0	1	0	1	
1	1	1	1	1	
15.0.4.0
0	0	1	1	0	
0	0	0	1	0	
0	1	1	1	0	
0	0	1	0	1	
1	1	1	1	1	
15.0.4.1
0	0	1	1	0	
0	0	0	1	0	
0	1	1	1	0	
0	0	1	0	1	
1	1	1	1	1	
15.0.4.2
0	0	1	1	0	
0	0	0	1	0	
0	1	1	1	0	
0	0	1	0	1	
1	1	1	1	1	
15.0.4.3
0	0	1	1	0	
0	0	0	1	0	
0	1	1	1	0	
0	0	1	0	1	
1	1	1	1	1	
15.0.3.0
0	0	1	1	0	
0	0	0	1	0	
0	1	1	1	0	
0	0	1	0	1	
1	1	1	1	1	
15.0.3.1
0	0	1	1	0	
0	0	0	1	0	
0	1	1	1	0	
0	0	1	0	1	
1	1	1	1	1	
15.0.3.2
0	0	1	1	0	
0	0	0	1	0	
0	1	1	1	0	
0	0	1	0	1	
1	1	1	1	1	
15.0.3.3
0	0	1	1	0	
0	0	0	1	0	
0	1	1	1	0	
0	0	1	0	1	
1	1	1	1	1	
15.0.2.0
0	0	1	1	0	
0	0	0	1	0	
0	1	1	1	0	
0	0	1	0	1	
1	1	1	1	1	
15.0.2.1
0	0	1	1	0	
0	0	0	1	0	
0	1	1	1	0	
0	0	1	0	1	
1	1	1	1	1	
15.0.2.2
0	0	1	1	0	
0	0	0	1	0	
0	1	1	1	0	
0	0	1	0	1	
1	1	1	1	1	
15.0.2.3
0	0	1	1	0	
0	0	0	1	0	
0	1	1	1	0	
0	0	1	0	1	
1	1	1	1	1	
15.1.5.0
0	0	1	1	0	
0	0	0	1	0	
0	1	1	1	0	
0	0	1	0	1	
1	1	1	1	1	
15.1.5.1
0	0	1	1	0	
0	0	0	1	0	
0	1	1	1	0	
0	0	1	0	1	
1	1	1	1	1	
15.1.5.2
0	0	1	1	0	
0	0	0	1	0	
0	1	1	1	0	
0	0	1	0	1	
1	1	1	1	1	
15.1.5.3
0	0	1	1	0	
0	0	0	1	0	
0	1	1	1	0	
0	0	1	0	1	
1	1	1	1	1	
15.1.4.0
0	0	1	1	0	
0	0	0	1	0	
0	1	1	1	0	
0	0	1	0	1	
1	1	1	1	1	
15.1.4.1
0	0	1	1	0	
0	0	0	1	0	
0	1	1	1	0	
0	0	1	0	1	
1	1	1	1	1	
15.1.4.2
0	0	1	1	0	
0	0	0	1	0	
0	1	1	1	0	
0	0	1	0	1	
1	1	1	1	1	
15.1.4.3
0	0	1	1	0	
0	0	0	1	0	
0	1	1	1	0	
0	0	1	0	1	
1	1	1	1	1	
15.1.3.0
0	0	1	1	0	
0	0	0	1	0	
0	1	1	1	0	
0	0	1	0	1	
1	1	1	1	1	
15.1.3.1
0	0	1	1	0	
0	0	0	1	0	
0	1	1	1	0	
0	0	1	0	1	
1	1	1	1	1	
15.1.3.2
0	0	1	1	0	
0	0	0	1	0	
0	1	1	1	0	
0	0	1	0	1	
1	1	1	1	1	
15.1.3.3
0	0	1	1	0	
0	0	0	1	0	
0	1	1	1	0	
0	0	1	0	1	
1	1	1	1	1	
15.1.2.0
0	0	1	1	0	
0	0	0	1	0	
0	1	1	1	0	
0	0	1	0	1	
1	1	1	1	1	
15.1.2.1
0	0	1	1	0	
0	0	0	1	0	
0	1	1	1	0	
0	0	1	0	1	
1	1	1	1	1	
15.1.2.2
0	0	1	1	0	
0	0	0	1	0	
0	1	1	1	0	
0	0	1	0	1	
1	1	1	1	1	
15.1.2.3
0	0	1	1	0	
0	0	0	1	0	
0	1	1	1	0	
0	0	1	0	1	
1	1	1	1	1	
15.2.5.0
0	0	1	1	0	
0	0	0	1	0	
0	1	1	1	0	
0	0	1	0	1	
1	1	1	1	1	
15.2.5.1
0	0	1	1	0	
0	0	0	1	0	
0	1	1	1	0	
0	0	1	0	1	
1	1	1	1	1	
15.2.5.2
0	0	1	1	0	
0	0	0	1	0	
0	1	1	1	0	
0	0	1	0	1	
1	1	1	1	1	
15.2.5.3
0	0	1	1	0	
0	0	0	1	0	
0	1	1	1	0	
0	0	1	0	1	
1	1	1	1	1	
15.2.4.0
0	0	1	1	0	
0	0	0	1	0	
0	1	1	1	0	
0	0	1	0	1	
1	1	1	1	1	
15.2.4.1
0	0	1	1	0	
0	0	0	1	0	
0	1	1	1	0	
0	0	1	0	1	
1	1	1	1	1	
15.2.4.2
0	0	1	1	0	
0	0	0	1	0	
0	1	1	1	0	
0	0	1	0	1	
1	1	1	1	1	
15.2.4.3
0	0	1	1	0	
0	0	0	1	0	
0	1	1	1	0	
0	0	1	0	1	
1	1	1	1	1	
15.2.3.0
0	0	1	1	0	
0	0	0	1	0	
0	1	1	1	0	
0	0	1	0	1	
1	1	1	1	1	
15.2.3.1
0	0	1	1	0	
0	0	0	1	0	
0	1	1	1	0	
0	0	1	0	1	
1	1	1	1	1	
15.2.3.2
0	0	1	1	0	
0	0	0	1	0	
0	1	1	1	0	
0	0	1	0	1	
1	1	1	1	1	
15.2.3.3
0	0	1	1	0	
0	0	0	1	0	
0	1	1	1	0	
0	0	1	0	1	
1	1	1	1	1	
15.2.2.0
0	0	1	1	0	
0	0	0	1	0	
0	1	1	1	0	
0	0	1	0	1	
1	1	1	1	1	
15.2.2.1
0	0	1	1	0	
0	0	0	1	0	
0	1	1	1	0	
0	0	1	0	1	
1	1	1	1	1	
15.2.2.2
0	0	1	1	0	
0	0	0	1	0	
0	1	1	1	0	
0	0	1	0	1	
1	1	1	1	1	
15.2.2.3
0	0	1	1	0	
0	0	0	1	0	
0	1	1	1	0	
0	0	1	0	1	
1	1	1	1	1	
15.3.5.0
0	0	1	1	0	
0	0	0	1	0	
0	1	1	1	0	
0	0	1	0	1	
1	1	1	1	1	
15.3.5.1
0	0	1	1	0	
0	0	0	1	0	
0	1	1	1	0	
0	0	1	0	1	
1	1	1	1	1	
15.3.5.2
0	0	1	1	0	
0	0	0	1	0	
0	1	1	1	0	
0	0	1	0	1	
1	1	1	1	1	
15.3.5.3
0	0	1	1	0	
0	0	0	1	0	
0	1	1	1	0	
0	0	1	0	1	
1	1	1	1	1	
15.3.4.0
0	0	1	1	0	
0	0	0	1	0	
0	1	1	1	0	
0	0	1	0	1	
1	1	1	1	1	
15.3.4.1
0	0	1	1	0	
0	0	0	1	0	
0	1	1	1	0	
0	0	1	0	1	
1	1	1	1	1	
15.3.4.2
0	0	1	1	0	
0	0	0	1	0	
0	1	1	1	0	
0	0	1	0	1	
1	1	1	1	1	
15.3.4.3
0	0	1	1	0	
0	0	0	1	0	
0	1	1	1	0	
0	0	1	0	1	
1	1	1	1	1	
15.3.3.0
0	0	1	1	0	
0	0	0	1	0	
0	1	1	1	0	
0	0	1	0	1	
1	1	1	1	1	
15.3.3.1
0	0	1	1	0	
0	0	0	1	0	
0	1	1	1	0	
0	0	1	0	1	
1	1	1	1	1	
15.3.3.2
0	0	1	1	0	
0	0	0	1	0	
0	1	1	1	0	
0	0	1	0	1	
1	1	1	1	1	
15.3.3.3
0	0	1	1	0	
0	0	0	1	0	
0	1	1	1	0	
0	0	1	0	1	
1	1	1	1	1	
15.3.2.0
0	0	1	1	0	
0	0	0	1	0	
0	1	1	1	0	
0	0	1	0	1	
1	1	1	1	1	
15.3.2.1
0	0	1	1	0	
0	0	0	1	0	
0	1	1	1	0	
0	0	1	0	1	
1	1	1	1	1	
15.3.2.2
0	0	1	1	0	
0	0	0	1	0	
0	1	1	1	0	
0	0	1	0	1	
1	1	1	1	1	
15.3.2.3
0	0	1	1	0	
0	0	0	1	0	
0	1	1	1	0	
0	0	1	0	1	
1	1	1	1	1	
16.0.5.0
0	0	0	1	0	
0	0	0	1	0	
0	0	1	1	1	
0	1	1	1	1	
1	1	1	0	1	
16.0.5.1
0	0	0	1	0	
0	0	0	1	0	
0	0	1	1	1	
0	1	1	1	1	
1	1	1	0	1	
16.0.5.2
0	0	0	1	0	
0	0	0	1	0	
0	0	1	1	1	
0	1	1	1	1	
1	1	1	0	1	
16.0.5.3
0	0	0	1	0	
0	0	0	1	0	
0	0	1	1	1	
0	1	1	1	1	
1	1	1	0	1	
16.0.4.0
0	0	0	1	0	
0	0	0	1	0	
0	0	1	1	1	
0	1	1	1	1	
1	1	1	0	1	
16.0.4.1
0	0	0	1	0	
0	0	0	1	0	
0	0	1	1	1	
0	1	1	1	1	
1	1	1	0	1	
16.0.4.2
0	0	0	1	0	
0	0	0	1	0	
0	0	1	1	1	
0	1	1	1	1	
1	1	1	0	1	
16.0.4.3
0	0	0	1	0	
0	0	0	1	0	
0	0	1	1	1	
0	1	1	1	1	
1	1	1	0	1	
16.0.3.0
0	0	0	1	0	
0	0	0	1	0	
0	0	1	1	1	
0	1	1	1	1	
1	1	1	0	1	
16.0.3.1
0	0	0	1	0	
0	0	0	1	0	
0	0	1	1	1	
0	1	1	1	1	
1	1	1	0	1	
16.0.3.2
0	0	0	1	0	
0	0	0	1	0	
0	0	1	1	1	
0	1	1	1	1	
1	1	1	0	1	
16.0.3.3
0	0	0	1	0	
0	0	0	1	0	
0	0	1	1	1	
0	1	1	1	1	
1	1	1	0	1	
16.0.2.0
0	0	0	1	0	
0	0	0	1	0	
0	0	1	1	1	
0	1	1	1	1	
1	1	1	0	1	
16.0.2.1
0	0	0	1	0	
0	0	0	1	0	
0	0	1	1	1	
0	1	1	1	1	
1	1	1	0	1	
16.0.2.2
0	0	0	1	0	
0	0	0	1	0	
0	0	1	1	1	
0	1	1	1	1	
1	1	1	0	1	
16.0.2.3
0	0	0	1	0	
0	0	0	1	0	
0	0	1	1	1	
0	1	1	1	1	
1	1	1	0	1	
16.1.5.0
0	0	0	1	0	
0	0	0	1	0	
0	0	1	1	1	
0	1	1	1	1	
1	1	1	0	1	
16.1.5.1
0	0	0	1	0	
0	0	0	1	0	
0	0	1	1	1	
0	1	1	1	1	
1	1	1	0	1	
16.1.5.2
0	0	0	1	0	
0	0	0	1	0	
0	0	1	1	1	
0	1	1	1	1	
1	1	1	0	1	
16.1.5.3
0	0	0	1	0	
0	0	0	1	0	
0	0	1	1	1	
0	1	1	1	1	
1	1	1	0	1	
16.1.4.0
0	0	0	1	0	
0	0	0	1	0	
0	0	1	1	1	
0	1	1	1	1	
1	1	1	0	1	
16.1.4.1
0	0	0	1	0	
0	0	0	1	0	
0	0	1	1	1	
0	1	1	1	1	
1	1	1	0	1	
16.1.4.2
0	0	0	1	0	
0	0	0	1	0	
0	0	1	1	1	
0	1	1	1	1	
1	1	1	0	1	
16.1.4.3
0	0	0	1	0	
0	0	0	1	0	
0	0	1	1	1	
0	1	1	1	1	
1	1	1	0	1	
16.1.3.0
0	0	0	1	0	
0	0	0	1	0	
0	0	1	1	1	
0	1	1	1	1	
1	1	1	0	1	
16.1.3.1
0	0	0	1	0	
0	0	0	1	0	
0	0	1	1	1	
0	1	1	1	1	
1	1	1	0	1	
16.1.3.2
0	0	0	1	0	
0	0	0	1	0	
0	0	1	1	1	
0	1	1	1	1	
1	1	1	0	1	
16.1.3.3
0	0	0	1	0	
0	0	0	1	0	
0	0	1	1	1	
0	1	1	1	1	
1	1	1	0	1	
16.1.2.0
0	0	0	1	0	
0	0	0	1	0	
0	0	1	1	1	
0	1	1	1	1	
1	1	1	0	1	
16.1.2.1
0	0	0	1	0	
0	0	0	1	0	
0	0	1	1	1	
0	1	1	1	1	
1	1	1	0	1	
16.1.2.2
0	0	0	1	0	
0	0	0	1	0	
0	0	1	1	1	
0	1	1	1	1	
1	1	1	0	1	
16.1.2.3
0	0	0	1	0	
0	0	0	1	0	
0	0	1	1	1	
0	1	1	1	1	
1	1	1	0	1	
16.2.5.0
0	0	0	1	0	
0	0	0	1	0	
0	0	1	1	1	
0	1	1	1	1	
1	1	1	0	1	
16.2.5.1
0	0	0	1	0	
0	0	0	1	0	
0	0	1	1	1	
0	1	1	1	1	
1	1	1	0	1	
16.2.5.2
0	0	0	1	0	
0	0	0	1	0	
0	0	1	1	1	
0	1	1	1	1	
1	1	1	0	1	
16.2.5.3
0	0	0	1	0	
0	0	0	1	0	
0	0	1	1	1	
0	1	1	1	1	
1	1	1	0	1	
16.2.4.0
0	0	0	1	0	
0	0	0	1	0	
0	0	1	1	1	
0	1	1	1	1	
1	1	1	0	1	
16.2.4.1
0	0	0	1	0	
0	0	0	1	0	
0	0	1	1	1	
0	1	1	1	1	
1	1	1	0	1	
16.2.4.2
0	0	0	1	0	
0	0	0	1	0	
0	0	1	1	1	
0	1	1	1	1	
1	1	1	0	1	
16.2.4.3
0	0	0	1	0	
0	0	0	1	0	
0	0	1	1	1	
0	1	1	1	1	
1	1	1	0	1	
16.2.3.0
0	0	0	1	0	
0	0	0	1	0	
0	0	1	1	1	
0	1	1	1	1	
1	1	1	0	1	
16.2.3.1
0	0	0	1	0	
0	0	0	1	0	
0	0	1	1	1	
0	1	1	1	1	
1	1	1	0	1	
16.2.3.2
0	0	0	1	0	
0	0	0	1	0	
0	0	1	1	1	
0	1	1	1	1	
1	1	1	0	1	
16.2.3.3
0	0	0	1	0	
0	0	0	1	0	
0	0	1	1	1	
0	1	1	1	1	
1	1	1	0	1	
16.2.2.0
0	0	0	1	0	
0	0	0	1	0	
0	0	1	1	1	
0	1	1	1	1	
1	1	1	0	1	
16.2.2.1
0	0	0	1	0	
0	0	0	1	0	
0	0	1	1	1	
0	1	1	1	1	
1	1	1	0	1	
16.2.2.2
0	0	0	1	0	
0	0	0	1	0	
0	0	1	1	1	
0	1	1	1	1	
1	1	1	0	1	
16.2.2.3
0	0	0	1	0	
0	0	0	1	0	
0	0	1	1	1	
0	1	1	1	1	
1	1	1	0	1	
16.3.5.0
0	0	0	1	0	
0	0	0	1	0	
0	0	1	1	1	
0	1	1	1	1	
1	1	1	0	1	
16.3.5.1
0	0	0	1	0	
0	0	0	1	0	
0	0	1	1	1	
0	1	1	1	1	
1	1	1	0	1	
16.3.5.2
0	0	0	1	0	
0	0	0	1	0	
0	0	1	1	1	
0	1	1	1	1	
1	1	1	0	1	
16.3.5.3
0	0	0	1	0	
0	0	0	1	0	
0	0	1	1	1	
0	1	1	1	1	
1	1	1	0	1	
16.3.4.0
0	0	0	1	0	
0	0	0	1	0	
0	0	1	1	1	
0	1	1	1	1	
1	1	1	0	1	
16.3.4.1
0	0	0	1	0	
0	0	0	1	0	
0	0	1	1	1	
0	1	1	1	1	
1	1	1	0	1	
16.3.4.2
0	0	0	1	0	
0	0	0	1	0	
0	0	1	1	1	
0	1	1	1	1	
1	1	1	0	1	
16.3.4.3
0	0	0	1	0	
0	0	0	1	0	
0	0	1	1	1	
0	1	1	1	1	
1	1	1	0	1	
16.3.3.0
0	0	0	1	0	
0	0	0	1	0	
0	0	1	1	1	
0	1	1	1	1	
1	1	1	0	1	
16.3.3.1
0	0	0	1	0	
0	0	0	1	0	
0	0	1	1	1	
0	1	1	1	1	
1	1	1	0	1	
16.3.3.2
0	0	0	1	0	
0	0	0	1	0	
0	0	1	1	1	
0	1	1	1	1	
1	1	1	0	1	
16.3.3.3
0	0	0	1	0	
0	0	0	1	0	
0	0	1	1	1	
0	1	1	1	1	
1	1	1	0	1	
16.3.2.0
0	0	0	1	0	
0	0	0	1	0	
0	0	1	1	1	
0	1	1	1	1	
1	1	1	0	1	
16.3.2.1
0	0	0	1	0	
0	0	0	1	0	
0	0	1	1	1	
0	1	1	1	1	
1	1	1	0	1	
16.3.2.2
0	0	0	1	0	
0	0	0	1	0	
0	0	1	1	1	
0	1	1	1	1	
1	1	1	0	1	
16.3.2.3
0	0	0	1	0	
0	0	0	1	0	
0	0	1	1	1	
0	1	1	1	1	
1	1	1	0	1	
17.0.5.0
0	0	0	0	0	
0	1	0	1	0	
0	1	0	1	1	
1	1	1	1	1	
1	0	1	0	1	
17.0.5.1
0	0	0	0	0	
0	1	0	1	0	
0	1	0	1	1	
1	1	1	1	1	
1	0	1	0	1	
17.0.5.2
0	0	0	0	0	
0	1	0	1	0	
0	1	0	1	1	
1	1	1	1	1	
1	0	1	0	1	
17.0.5.3
0	0	0	0	0	
0	1	0	1	0	
0	1	0	1	1	
1	1	1	1	1	
1	0	1	0	1	
17.0.4.0
0	0	0	0	0	
0	1	0	1	0	
0	1	0	1	1	
1	1	1	1	1	
1	0	1	0	1	
17.0.4.1
0	0	0	0	0	
0	1	0	1	0	
0	1	0	1	1	
1	1	1	1	1	
1	0	1	0	1	
17.0.4.2
0	0	0	0	0	
0	1	0	1	0	
0	1	0	1	1	
1	1	1	1	1	
1	0	1	0	1	
17.0.4.3
0	0	0	0	0	
0	1	0	1	0	
0	1	0	1	1	
1	1	1	1	1	
1	0	1	0	1	
17.0.3.0
0	0	0	0	0	
0	1	0	1	0	
0	1	0	1	1	
1	1	1	1	1	
1	0	1	0	1	
17.0.3.1
0	0	0	0	0	
0	1	0	1	0	
0	1	0	1	1	
1	1	1	1	1	
1	0	1	0	1	
17.0.3.2
0	0	0	0	0	
0	1	0	1	0	
0	1	0	1	1	
1	1	1	1	1	
1	0	1	0	1	
17.0.3.3
0	0	0	0	0	
0	1	0	1	0	
0	1	0	1	1	
1	1	1	1	1	
1	0	1	0	1	
17.0.2.0
0	0	0	0	0	
0	1	0	1	0	
0	1	0	1	1	
1	1	1	1	1	
1	0	1	0	1	
17.0.2.1
0	0	0	0	0	
0	1	0	1	0	
0	1	0	1	1	
1	1	1	1	1	
1	0	1	0	1	
17.0.2.2
0	0	0	0	0	
0	1	0	1	0	
0	1	0	1	1	
1	1	1	1	1	
1	0	1	0	1	
17.0.2.3
0	0	0	0	0	
0	1	0	1	0	
0	1	0	1	1	
1	1	1	1	1	
1	0	1	0	1	
17.1.5.0
0	0	0	0	0	
0	1	0	1	0	
0	1	0	1	1	
1	1	1	1	1	
1	0	1	0	1	
17.1.5.1
0	0	0	0	0	
0	1	0	1	0	
0	1	0	1	1	
1	1	1	1	1	
1	0	1	0	1	
17.1.5.2
0	0	0	0	0	
0	1	0	1	0	
0	1	0	1	1	
1	1	1	1	1	
1	0	1	0	1	
17.1.5.3
0	0	0	0	0	
0	1	0	1	0	
0	1	0	1	1	
1	1	1	1	1	
1	0	1	0	1	
17.1.4.0
0	0	0	0	0	
0	1	0	1	0	
0	1	0	1	1	
1	1	1	1	1	
1	0	1	0	1	
17.1.4.1
0	0	0	0	0	
0	1	0	1	0	
0	1	0	1	1	
1	1	1	1	1	
1	0	1	0	1	
17.1.4.2
0	0	0	0	0	
0	1	0	1	0	
0	1	0	1	1	
1	1	1	1	1	
1	0	1	0	1	
17.1.4.3
0	0	0	0	0	
0	1	0	1	0	
0	1	0	1	1	
1	1	1	1	1	
1	0	1	0	1	
17.1.3.0
0	0	0	0	0	
0	1	0	1	0	
0	1	0	1	1	
1	1	1	1	1	
1	0	1	0	1	
17.1.3.1
0	0	0	0	0	
0	1	0	1	0	
0	1	0	1	1	
1	1	1	1	1	
1	0	1	0	1	
17.1.3.2
0	0	0	0	0	
0	1	0	1	0	
0	1	0	1	1	
1	1	1	1	1	
1	0	1	0	1	
17.1.3.3
0	0	0	0	0	
0	1	0	1	0	
0	1	0	1	1	
1	1	1	1	1	
1	0	1	0	1	
17.1.2.0
0	0	0	0	0	
0	1	0	1	0	
0	1	0	1	1	
1	1	1	1	1	
1	0	1	0	1	
17.1.2.1
0	0	0	0	0	
0	1	0	1	0	
0	1	0	1	1	
1	1	1	1	1	
1	0	1	0	1	
17.1.2.2
0	0	0	0	0	
0	1	0	1	0	
0	1	0	1	1	
1	1	1	1	1	
1	0	1	0	1	
17.1.2.3
0	0	0	0	0	
0	1	0	1	0	
0	1	0	1	1	
1	1	1	1	1	
1	0	1	0	1	
17.2.5.0
0	0	0	0	0	
0	1	0	1	0	
0	1	0	1	1	
1	1	1	1	1	
1	0	1	0	1	
17.2.5.1
0	0	0	0	0	
0	1	0	1	0	
0	1	0	1	1	
1	1	1	1	1	
1	0	1	0	1	
17.2.5.2
0	0	0	0	0	
0	1	0	1	0	
0	1	0	1	1	
1	1	1	1	1	
1	0	1	0	1	
17.2.5.3
0	0	0	0	0	
0	1	0	1	0	
0	1	0	1	1	
1	1	1	1	1	
1	0	1	0	1	
17.2.4.0
0	0	0	0	0	
0	1	0	1	0	
0	1	0	1	1	
1	1	1	1	1	
1	0	1	0	1	
17.2.4.1
0	0	0	0	0	
0	1	0	1	0	
0	1	0	1	1	
1	1	1	1	1	
1	0	1	0	1	
17.2.4.2
0	0	0	0	0	
0	1	0	1	0	
0	1	0	1	1	
1	1	1	1	1	
1	0	1	0	1	
17.2.4.3
0	0	0	0	0	
0	1	0	1	0	
0	1	0	1	1	
1	1	1	1	1	
1	0	1	0	1	
17.2.3.0
0	0	0	0	0	
0	1	0	1	0	
0	1	0	1	1	
1	1	1	1	1	
1	0	1	0	1	
17.2.3.1
0	0	0	0	0	
0	1	0	1	0	
0	1	0	1	1	
1	1	1	1	1	
1	0	1	0	1	
17.2.3.2
0	0	0	0	0	
0	1	0	1	0	
0	1	0	1	1	
1	1	1	1	1	
1	0	1	0	1	
17.2.3.3
0	0	0	0	0	
0	1	0	1	0	
0	1	0	1	1	
1	1	1	1	1	
1	0	1	0	1	
17.2.2.0
0	0	0	0	0	
0	1	0	1	0	
0	1	0	1	1	
1	1	1	1	1	
1	0	1	0	1	
17.2.2.1
0	0	0	0	0	
0	1	0	1	0	
0	1	0	1	1	
1	1	1	1	1	
1	0	1	0	1	
17.2.2.2
0	0	0	0	0	
0	1	0	1	0	
0	1	0	1	1	
1	1	1	1	1	
1	0	1	0	1	
17.2.2.3
0	0	0	0	0	
0	1	0	1	0	
0	1	0	1	1	
1	1	1	1	1	
1	0	1	0	1	
17.3.5.0
0	0	0	0	0	
0	1	0	1	0	
0	1	0	1	1	
1	1	1	1	1	
1	0	1	0	1	
17.3.5.1
0	0	0	0	0	
0	1	0	1	0	
0	1	0	1	1	
1	1	1	1	1	
1	0	1	0	1	
17.3.5.2
0	0	0	0	0	
0	1	0	1	0	
0	1	0	1	1	
1	1	1	1	1	
1	0	1	0	1	
17.3.5.3
0	0	0	0	0	
0	1	0	1	0	
0	1	0	1	1	
1	1	1	1	1	
1	0	1	0	1	
17.3.4.0
0	0	0	0	0	
0	1	0	1	0	
0	1	0	1	1	
1	1	1	1	1	
1	0	1	0	1	
17.3.4.1
0	0	0	0	0	
0	1	0	1	0	
0	1	0	1	1	
1	1	1	1	1	
1	0	1	0	1	
17.3.4.2
0	0	0	0	0	
0	1	0	1	0	
0	1	0	1	1	
1	1	1	1	1	
1	0	1	0	1	
17.3.4.3
0	0	0	0	0	
0	1	0	1	0	
0	1	0	1	1	
1	1	1	1	1	
1	0	1	0	1	
17.3.3.0
0	0	0	0	0	
0	1	0	1	0	
0	1	0	1	1	
1	1	1	1	1	
1	0	1	0	1	
17.3.3.1
0	0	0	0	0	
0	1	0	1	0	
0	1	0	1	1	
1	1	1	1	1	
1	0	1	0	1	
17.3.3.2
0	0	0	0	0	
0	1	0	1	0	
0	1	0	1	1	
1	1	1	1	1	
1	0	1	0	1	
17.3.3.3
0	0	0	0	0	
0	1	0	1	0	
0	1	0	1	1	
1	1	1	1	1	
1	0	1	0	1	
17.3.2.0
0	0	0	0	0	
0	1	0	1	0	
0	1	0	1	1	
1	1	1	1	1	
1	0	1	0	1	
17.3.2.1
0	0	0	0	0	
0	1	0	1	0	
0	1	0	1	1	
1	1	1	1	1	
1	0	1	0	1	
17.3.2.2
0	0	0	0	0	
0	1	0	1	0	
0	1	0	1	1	
1	1	1	1	1	
1	0	1	0	1	
17.3.2.3
0	0	0	0	0	
0	1	0	1	0	
0	1	0	1	1	
1	1	1	1	1	
1	0	1	0	1	
18.0.5.0
1	1	0	0	0	
0	1	0	0	0	
1	1	0	1	1	
0	1	0	0	1	
0	1	1	1	1	
18.0.5.1
1	1	0	0	0	
0	1	0	0	0	
1	1	0	1	1	
0	1	0	0	1	
0	1	1	1	1	
18.0.5.2
1	1	0	0	0	
0	1	0	0	0	
1	1	0	1	1	
0	1	0	0	1	
0	1	1	1	1	
18.0.5.3
1	1	0	0	0	
0	1	0	0	0	
1	1	0	1	1	
0	1	0	0	1	
0	1	1	1	1	
18.0.4.0
1	1	0	0	0	
0	1	0	0	0	
1	1	0	1	1	
0	1	0	0	1	
0	1	1	1	1	
18.0.4.1
1	1	0	0	0	
0	1	0	0	0	
1	1	0	1	1	
0	1	0	0	1	
0	1	1	1	1	
18.0.4.2
1	1	0	0	0	
0	1	0	0	0	
1	1	0	1	1	
0	1	0	0	1	
0	1	1	1	1	
18.0.4.3
1	1	0	0	0	
0	1	0	0	0	
1	1	0	1	1	
0	1	0	0	1	
0	1	1	1	1	
18.0.3.0
1	1	0	0	0	
0	1	0	0	0	
1	1	0	1	1	
0	1	0	0	1	
0	1	1	1	1	
18.0.3.1
1	1	0	0	0	
0	1	0	0	0	
1	1	0	1	1	
0	1	0	0	1	
0	1	1	1	1	
18.0.3.2
1	1	0	0	0	
0	1	0	0	0	
1	1	0	1	1	
0	1	0	0	1	
0	1	1	1	1	
18.0.3.3
1	1	0	0	0	
0	1	0	0	0	
1	1	0	1	1	
0	1	0	0	1	
0	1	1	1	1	
18.0.2.0
1	1	0	0	0	
0	1	0	0	0	
1	1	0	1	1	
0	1	0	0	1	
0	1	1	1	1	
18.0.2.1
1	1	0	0	0	
0	1	0	0	0	
1	1	0	1	1	
0	1	0	0	1	
0	1	1	1	1	
18.0.2.2
1	1	0	0	0	
0	1	0	0	0	
1	1	0	1	1	
0	1	0	0	1	
0	1	1	1	1	
18.0.2.3
1	1	0	0	0	
0	1	0	0	0	
1	1	0	1	1	
0	1	0	0	1	
0	1	1	1	1	
18.1.5.0
1	1	0	0	0	
0	1	0	0	0	
1	1	0	1	1	
0	1	0	0	1	
0	1	1	1	1	
18.1.5.1
1	1	0	0	0	
0	1	0	0	0	
1	1	0	1	1	
0	1	0	0	1	
0	1	1	1	1	
18.1.5.2
1	1	0	0	0	
0	1	0	0	0	
1	1	0	1	1	
0	1	0	0	1	
0	1	1	1	1	
18.1.5.3
1	1	0	0	0	
0	1	0	0	0	
1	1	0	1	1	
0	1	0	0	1	
0	1	1	1	1	
18.1.4.0
1	1	0	0	0	
0	1	0	0	0	
1	1	0	1	1	
0	1	0	0	1	
0	1	1	1	1	
18.1.4.1
1	1	0	0	0	
0	1	0	0	0	
1	1	0	1	1	
0	1	0	0	1	
0	1	1	1	1	
18.1.4.2
1	1	0	0	0	
0	1	0	0	0	
1	1	0	1	1	
0	1	0	0	1	
0	1	1	1	1	
18.1.4.3
1	1	0	0	0	
0	1	0	0	0	
1	1	0	1	1	
0	1	0	0	1	
0	1	1	1	1	
18.1.3.0
1	1	0	0	0	
0	1	0	0	0	
1	1	0	1	1	
0	1	0	0	1	
0	1	1	1	1	
18.1.3.1
1	1	0	0	0	
0	1	0	0	0	
1	1	0	1	1	
0	1	0	0	1	
0	1	1	1	1	
18.1.3.2
1	1	0	0	0	
0	1	0	0	0	
1	1	0	1	1	
0	1	0	0	1	
0	1	1	1	1	
18.1.3.3
1	1	0	0	0	
0	1	0	0	0	
1	1	0	1	1	
0	1	0	0	1	
0	1	1	1	1	
18.1.2.0
1	1	0	0	0	
0	1	0	0	0	
1	1	0	1	1	
0	1	0	0	1	
0	1	1	1	1	
18.1.2.1
1	1	0	0	0	
0	1	0	0	0	
1	1	0	1	1	
0	1	0	0	1	
0	1	1	1	1	
18.1.2.2
1	1	0	0	0	
0	1	0	0	0	
1	1	0	1	1	
0	1	0	0	1	
0	1	1	1	1	
18.1.2.3
1	1	0	0	0	
0	1	0	0	0	
1	1	0	1	1	
0	1	0	0	1	
0	1	1	1	1	
18.2.5.0
1	1	0	0	0	
0	1	0	0	0	
1	1	0	1	1	
0	1	0	0	1	
0	1	1	1	1	
18.2.5.1
1	1	0	0	0	
0	1	0	0	0	
1	1	0	1	1	
0	1	0	0	1	
0	1	1	1	1	
18.2.5.2
1	1	0	0	0	
0	1	0	0	0	
1	1	0	1	1	
0	1	0	0	1	
0	1	1	1	1	
18.2.5.3
1	1	0	0	0	
0	1	0	0	0	
1	1	0	1	1	
0	1	0	0	1	
0	1	1	1	1	
18.2.4.0
1	1	0	0	0	
0	1	0	0	0	
1	1	0	1	1	
0	1	0	0	1	
0	1	1	1	1	
18.2.4.1
1	1	0	0	0	
0	1	0	0	0	
1	1	0	1	1	
0	1	0	0	1	
0	1	1	1	1	
18.2.4.2
1	1	0	0	0	
0	1	0	0	0	
1	1	0	1	1	
0	1	0	0	1	
0	1	1	1	1	
18.2.4.3
1	1	0	0	0	
0	1	0	0	0	
1	1	0	1	1	
0	1	0	0	1	
0	1	1	1	1	
18.2.3.0
1	1	0	0	0	
0	1	0	0	0	
1	1	0	1	1	
0	1	0	0	1	
0	1	1	1	1	
18.2.3.1
1	1	0	0	0	
0	1	0	0	0	
1	1	0	1	1	
0	1	0	0	1	
0	1	1	1	1	
18.2.3.2
1	1	0	0	0	
0	1	0	0	0	
1	1	0	1	1	
0	1	0	0	1	
0	1	1	1	1	
18.2.3.3
1	1	0	0	0	
0	1	0	0	0	
1	1	0	1	1	
0	1	0	0	1	
0	1	1	1	1	
18.2.2.0
1	1	0	0	0	
0	1	0	0	0	
1	1	0	1	1	
0	1	0	0	1	
0	1	1	1	1	
18.2.2.1
1	1	0	0	0	
0	1	0	0	0	
1	1	0	1	1	
0	1	0	0	1	
0	1	1	1	1	
18.2.2.2
1	1	0	0	0	
0	1	0	0	0	
1	1	0	1	1	
0	1	0	0	1	
0	1	1	1	1	
18.2.2.3
1	1	0	0	0	
0	1	0	0	0	
1	1	0	1	1	
0	1	0	0	1	
0	1	1	1	1	
18.3.5.0
1	1	0	0	0	
0	1	0	0	0	
1	1	0	1	1	
0	1	0	0	1	
0	1	1	1	1	
18.3.5.1
1	1	0	0	0	
0	1	0	0	0	
1	1	0	1	1	
0	1	0	0	1	
0	1	1	1	1	
18.3.5.2
1	1	0	0	0	
0	1	0	0	0	
1	1	0	1	1	
0	1	0	0	1	
0	1	1	1	1	
18.3.5.3
1	1	0	0	0	
0	1	0	0	0	
1	1	0	1	1	
0	1	0	0	1	
0	1	1	1	1	
18.3.4.0
1	1	0	0	0	
0	1	0	0	0	
1	1	0	1	1	
0	1	0	0	1	
0	1	1	1	1	
18.3.4.1
1	1	0	0	0	
0	1	0	0	0	
1	1	0	1	1	
0	1	0	0	1	
0	1	1	1	1	
18.3.4.2
1	1	0	0	0	
0	1	0	0	0	
1	1	0	1	1	
0	1	0	0	1	
0	1	1	1	1	
18.3.4.3
1	1	0	0	0	
0	1	0	0	0	
1	1	0	1	1	
0	1	0	0	1	
0	1	1	1	1	
18.3.3.0
1	1	0	0	0	
0	1	0	0	0	
1	1	0	1	1	
0	1	0	0	1	
0	1	1	1	1	
18.3.3.1
1	1	0	0	0	
0	1	0	0	0	
1	1	0	1	1	
0	1	0	0	1	
0	1	1	1	1	
18.3.3.2
1	1	0	0	0	
0	1	0	0	0	
1	1	0	1	1	
0	1	0	0	1	
0	1	1	1	1	
18.3.3.3
1	1	0	0	0	
0	1	0	0	0	
1	1	0	1	1	
0	1	0	0	1	
0	1	1	1	1	
18.3.2.0
1	1	0	0	0	
0	1	0	0	0	
1	1	0	1	1	
0	1	0	0	1	
0	1	1	1	1	
18.3.2.1
1	1	0	0	0	
0	1	0	0	0	
1	1	0	1	1	
0	1	0	0	1	
0	1	1	1	1	
18.3.2.2
1	1	0	0	0	
0	1	0	0	0	
1	1	0	1	1	
0	1	0	0	1	
0	1	1	1	1	
18.3.2.3
1	1	0	0	0	
0	1	0	0	0	
1	1	0	1	1	
0	1	0	0	1	
0	1	1	1	1	
19.0.5.0
0	0	0	0	0	
0	0	1	0	1	
0	0	1	1	1	
1	1	1	1	1	
0	0	1	1	1	
19.0.5.1
0	0	0	0	0	
0	0	1	0	1	
0	0	1	1	1	
1	1	1	1	1	
0	0	1	1	1	
19.0.5.2
0	0	0	0	0	
0	0	1	0	1	
0	0	1	1	1	
1	1	1	1	1	
0	0	1	1	1	
19.0.5.3
0	0	0	0	0	
0	0	1	0	1	
0	0	1	1	1	
1	1	1	1	1	
0	0	1	1	1	
19.0.4.0
0	0	0	0	0	
0	0	1	0	1	
0	0	1	1	1	
1	1	1	1	1	
0	0	1	1	1	
19.0.4.1
0	0	0	0	0	
0	0	1	0	1	
0	0	1	1	1	
1	1	1	1	1	
0	0	1	1	1	
19.0.4.2
0	0	0	0	0	
0	0	1	0	1	
0	0	1	1	1	
1	1	1	1	1	
0	0	1	1	1	
19.0.4.3
0	0	0	0	0	
0	0	1	0	1	
0	0	1	1	1	
1	1	1	1	1	
0	0	1	1	1	
19.0.3.0
0	0	0	0	0	
0	0	1	0	1	
0	0	1	1	1	
1	1	1	1	1	
0	0	1	1	1	
19.0.3.1
0	0	0	0	0	
0	0	1	0	1	
0	0	1	1	1	
1	1	1	1	1	
0	0	1	1	1	
19.0.3.2
0	0	0	0	0	
0	0	1	0	1	
0	0	1	1	1	
1	1	1	1	1	
0	0	1	1	1	
19.0.3.3
0	0	0	0	0	
0	0	1	0	1	
0	0	1	1	1	
1	1	1	1	1	
0	0	1	1	1	
19.0.2.0
0	0	0	0	0	
0	0	1	0	1	
0	0	1	1	1	
1	1	1	1	1	
0	0	1	1	1	
19.0.2.1
0	0	0	0	0	
0	0	1	0	1	
0	0	1	1	1	
1	1	1	1	1	
0	0	1	1	1	
19.0.2.2
0	0	0	0	0	
0	0	1	0	1	
0	0	1	1	1	
1	1	1	1	1	
0	0	1	1	1	
19.0.2.3
0	0	0	0	0	
0	0	1	0	1	
0	0	1	1	1	
1	1	1	1	1	
0	0	1	1	1	
19.1.5.0
0	0	0	0	0	
0	0	1	0	1	
0	0	1	1	1	
1	1	1	1	1	
0	0	1	1	1	
19.1.5.1
0	0	0	0	0	
0	0	1	0	1	
0	0	1	1	1	
1	1	1	1	1	
0	0	1	1	1	
19.1.5.2
0	0	0	0	0	
0	0	1	0	1	
0	0	1	1	1	
1	1	1	1	1	
0	0	1	1	1	
19.1.5.3
0	0	0	0	0	
0	0	1	0	1	
0	0	1	1	1	
1	1	1	1	1	
0	0	1	1	1	
19.1.4.0
0	0	0	0	0	
0	0	1	0	1	
0	0	1	1	1	
1	1	1	1	1	
0	0	1	1	1	
19.1.4.1
0	0	0	0	0	
0	0	1	0	1	
0	0	1	1	1	
1	1	1	1	1	
0	0	1	1	1	
19.1.4.2
0	0	0	0	0	
0	0	1	0	1	
0	0	1	1	1	
1	1	1	1	1	
0	0	1	1	1	
19.1.4.3
0	0	0	0	0	
0	0	1	0	1	
0	0	1	1	1	
1	1	1	1	1	
0	0	1	1	1	
19.1.3.0
0	0	0	0	0	
0	0	1	0	1	
0	0	1	1	1	
1	1	1	1	1	
0	0	1	1	1	
19.1.3.1
0	0	0	0	0	
0	0	1	0	1	
0	0	1	1	1	
1	1	1	1	1	
0	0	1	1	1	
19.1.3.2
0	0	0	0	0	
0	0	1	0	1	
0	0	1	1	1	
1	1	1	1	1	
0	0	1	1	1	
19.1.3.3
0	0	0	0	0	
0	0	1	0	1	
0	0	1	1	1	
1	1	1	1	1	
0	0	1	1	1	
19.1.2.0
0	0	0	0	0	
0	0	1	0	1	
0	0	1	1	1	
1	1	1	1	1	
0	0	1	1	1	
19.1.2.1
0	0	0	0	0	
0	0	1	0	1	
0	0	1	1	1	
1	1	1	1	1	
0	0	1	1	1	
19.1.2.2
0	0	0	0	0	
0	0	1	0	1	
0	0	1	1	1	
1	1	1	1	1	
0	0	1	1	1	
19.1.2.3
0	0	0	0	0	
0	0	1	0	1	
0	0	1	1	1	
1	1	1	1	1	
0	0	1	1	1	
19.2.5.0
0	0	0	0	0	
0	0	1	0	1	
0	0	1	1	1	
1	1	1	1	1	
0	0	1	1	1	
19.2.5.1
0	0	0	0	0	
0	0	1	0	1	
0	0	1	1	1	
1	1	1	1	1	
0	0	1	1	1	
19.2.5.2
0	0	0	0	0	
0	0	1	0	1	
0	0	1	1	1	
1	1	1	1	1	
0	0	1	1	1	
19.2.5.3
0	0	0	0	0	
0	0	1	0	1	
0	0	1	1	1	
1	1	1	1	1	
0	0	1	1	1	
19.2.4.0
0	0	0	0	0	
0	0	1	0	1	
0	0	1	1	1	
1	1	1	1	1	
0	0	1	1	1	
19.2.4.1
0	0	0	0	0	
0	0	1	0	1	
0	0	1	1	1	
1	1	1	1	1	
0	0	1	1	1	
19.2.4.2
0	0	0	0	0	
0	0	1	0	1	
0	0	1	1	1	
1	1	1	1	1	
0	0	1	1	1	
19.2.4.3
0	0	0	0	0	
0	0	1	0	1	
0	0	1	1	1	
1	1	1	1	1	
0	0	1	1	1	
19.2.3.0
0	0	0	0	0	
0	0	1	0	1	
0	0	1	1	1	
1	1	1	1	1	
0	0	1	1	1	
19.2.3.1
0	0	0	0	0	
0	0	1	0	1	
0	0	1	1	1	
1	1	1	1	1	
0	0	1	1	1	
19.2.3.2
0	0	0	0	0	
0	0	1	0	1	
0	0	1	1	1	
1	1	1	1	1	
0	0	1	1	1	
19.2.3.3
0	0	0	0	0	
0	0	1	0	1	
0	0	1	1	1	
1	1	1	1	1	
0	0	1	1	1	
19.2.2.0
0	0	0	0	0	
0	0	1	0	1	
0	0	1	1	1	
1	1	1	1	1	
0	0	1	1	1	
19.2.2.1
0	0	0	0	0	
0	0	1	0	1	
0	0	1	1	1	
1	1	1	1	1	
0	0	1	1	1	
19.2.2.2
0	0	0	0	0	
0	0	1	0	1	
0	0	1	1	1	
1	1	1	1	1	
0	0	1	1	1	
19.2.2.3
0	0	0	0	0	
0	0	1	0	1	
0	0	1	1	1	
1	1	1	1	1	
0	0	1	1	1	
19.3.5.0
0	0	0	0	0	
0	0	1	0	1	
0	0	1	1	1	
1	1	1	1	1	
0	0	1	1	1	
19.3.5.1
0	0	0	0	0	
0	0	1	0	1	
0	0	1	1	1	
1	1	1	1	1	
0	0	1	1	1	
19.3.5.2
0	0	0	0	0	
0	0	1	0	1	
0	0	1	1	1	
1	1	1	1	1	
0	0	1	1	1	
19.3.5.3
0	0	0	0	0	
0	0	1	0	1	
0	0	1	1	1	
1	1	1	1	1	
0	0	1	1	1	
19.3.4.0
0	0	0	0	0	
0	0	1	0	1	
0	0	1	1	1	
1	1	1	1	1	
0	0	1	1	1	
19.3.4.1
0	0	0	0	0	
0	0	1	0	1	
0	0	1	1	1	
1	1	1	1	1	
0	0	1	1	1	
19.3.4.2
0	0	0	0	0	
0	0	1	0	1	
0	0	1	1	1	
1	1	1	1	1	
0	0	1	1	1	
19.3.4.3
0	0	0	0	0	
0	0	1	0	1	
0	0	1	1	1	
1	1	1	1	1	
0	0	1	1	1	
19.3.3.0
0	0	0	0	0	
0	0	1	0	1	
0	0	1	1	1	
1	1	1	1	1	
0	0	1	1	1	
19.3.3.1
0	0	0	0	0	
0	0	1	0	1	
0	0	1	1	1	
1	1	1	1	1	
0	0	1	1	1	
19.3.3.2
0	0	0	0	0	
0	0	1	0	1	
0	0	1	1	1	
1	1	1	1	1	
0	0	1	1	1	
19.3.3.3
0	0	0	0	0	
0	0	1	0	1	
0	0	1	1	1	
1	1	1	1	1	
0	0	1	1	1	
19.3.2.0
0	0	0	0	0	
0	0	1	0	1	
0	0	1	1	1	
1	1	1	1	1	
0	0	1	1	1	
19.3.2.1
0	0	0	0	0	
0	0	1	0	1	
0	0	1	1	1	
1	1	1	1	1	
0	0	1	1	1	
19.3.2.2
0	0	0	0	0	
0	0	1	0	1	
0	0	1	1	1	
1	1	1	1	1	
0	0	1	1	1	
19.3.2.3
0	0	0	0	0	
0	0	1	0	1	
0	0	1	1	1	
1	1	1	1	1	
0	0	1	1	1	
20.0.5.0
0	1	1	1	1	
1	1	0	0	1	
1	1	0	1	1	
0	0	0	0	1	
0	0	0	0	1	
20.0.5.1
0	1	1	1	1	
1	1	0	0	1	
1	1	0	1	1	
0	0	0	0	1	
0	0	0	0	1	
20.0.5.2
0	1	1	1	1	
1	1	0	0	1	
1	1	0	1	1	
0	0	0	0	1	
0	0	0	0	1	
20.0.5.3
0	1	1	1	1	
1	1	0	0	1	
1	1	0	1	1	
0	0	0	0	1	
0	0	0	0	1	
20.0.4.0
0	1	1	1	1	
1	1	0	0	1	
1	1	0	1	1	
0	0	0	0	1	
0	0	0	0	1	
20.0.4.1
0	1	1	1	1	
1	1	0	0	1	
1	1	0	1	1	
0	0	0	0	1	
0	0	0	0	1	
20.0.4.2
0	1	1	1	1	
1	1	0	0	1	
1	1	0	1	1	
0	0	0	0	1	
0	0	0	0	1	
20.0.4.3
0	1	1	1	1	
1	1	0	0	1	
1	1	0	1	1	
0	0	0	0	1	
0	0	0	0	1	
20.0.3.0
0	1	1	1	1	
1	1	0	0	1	
1	1	0	1	1	
0	0	0	0	1	
0	0	0	0	1	
20.0.3.1
0	1	1	1	1	
1	1	0	0	1	
1	1	0	1	1	
0	0	0	0	1	
0	0	0	0	1	
20.0.3.2
0	1	1	1	1	
1	1	0	0	1	
1	1	0	1	1	
0	0	0	0	1	
0	0	0	0	1	
20.0.3.3
0	1	1	1	1	
1	1	0	0	1	
1	1	0	1	1	
0	0	0	0	1	
0	0	0	0	1	
20.0.2.0
0	1	1	1	1	
1	1	0	0	1	
1	1	0	1	1	
0	0	0	0	1	
0	0	0	0	1	
20.0.2.1
0	1	1	1	1	
1	1	0	0	1	
1	1	0	1	1	
0	0	0	0	1	
0	0	0	0	1	
20.0.2.2
0	1	1	1	1	
1	1	0	0	1	
1	1	0	1	1	
0	0	0	0	1	
0	0	0	0	1	
20.0.2.3
0	1	1	1	1	
1	1	0	0	1	
1	1	0	1	1	
0	0	0	0	1	
0	0	0	0	1	
20.1.5.0
0	1	1	1	1	
1	1	0	0	1	
1	1	0	1	1	
0	0	0	0	1	
0	0	0	0	1	
20.1.5.1
0	1	1	1	1	
1	1	0	0	1	
1	1	0	1	1	
0	0	0	0	1	
0	0	0	0	1	
20.1.5.2
0	1	1	1	1	
1	1	0	0	1	
1	1	0	1	1	
0	0	0	0	1	
0	0	0	0	1	
20.1.5.3
0	1	1	1	1	
1	1	0	0	1	
1	1	0	1	1	
0	0	0	0	1	
0	0	0	0	1	
20.1.4.0
0	1	1	1	1	
1	1	0	0	1	
1	1	0	1	1	
0	0	0	0	1	
0	0	0	0	1	
20.1.4.1
0	1	1	1	1	
1	1	0	0	1	
1	1	0	1	1	
0	0	0	0	1	
0	0	0	0	1	
20.1.4.2
0	1	1	1	1	
1	1	0	0	1	
1	1	0	1	1	
0	0	0	0	1	
0	0	0	0	1	
20.1.4.3
0	1	1	1	1	
1	1	0	0	1	
1	1	0	1	1	
0	0	0	0	1	
0	0	0	0	1	
20.1.3.0
0	1	1	1	1	
1	1	0	0	1	
1	1	0	1	1	
0	0	0	0	1	
0	0	0	0	1	
20.1.3.1
0	1	1	1	1	
1	1	0	0	1	
1	1	0	1	1	
0	0	0	0	1	
0	0	0	0	1	
20.1.3.2
0	1	1	1	1	
1	1	0	0	1	
1	1	0	1	1	
0	0	0	0	1	
0	0	0	0	1	
20.1.3.3
0	1	1	1	1	
1	1	0	0	1	
1	1	0	1	1	
0	0	0	0	1	
0	0	0	0	1	
20.1.2.0
0	1	1	1	1	
1	1	0	0	1	
1	1	0	1	1	
0	0	0	0	1	
0	0	0	0	1	
20.1.2.1
0	1	1	1	1	
1	1	0	0	1	
1	1	0	1	1	
0	0	0	0	1	
0	0	0	0	1	
20.1.2.2
0	1	1	1	1	
1	1	0	0	1	
1	1	0	1	1	
0	0	0	0	1	
0	0	0	0	1	
20.1.2.3
0	1	1	1	1	
1	1	0	0	1	
1	1	0	1	1	
0	0	0	0	1	
0	0	0	0	1	
20.2.5.0
0	1	1	1	1	
1	1	0	0	1	
1	1	0	1	1	
0	0	0	0	1	
0	0	0	0	1	
20.2.5.1
0	1	1	1	1	
1	1	0	0	1	
1	1	0	1	1	
0	0	0	0	1	
0	0	0	0	1	
20.2.5.2
0	1	1	1	1	
1	1	0	0	1	
1	1	0	1	1	
0	0	0	0	1	
0	0	0	0	1	
20.2.5.3
0	1	1	1	1	
1	1	0	0	1	
1	1	0	1	1	
0	0	0	0	1	
0	0	0	0	1	
20.2.4.0
0	1	1	1	1	
1	1	0	0	1	
1	1	0	1	1	
0	0	0	0	1	
0	0	0	0	1	
20.2.4.1
0	1	1	1	1	
1	1	0	0	1	
1	1	0	1	1	
0	0	0	0	1	
0	0	0	0	1	
20.2.4.2
0	1	1	1	1	
1	1	0	0	1	
1	1	0	1	1	
0	0	0	0	1	
0	0	0	0	1	
20.2.4.3
0	1	1	1	1	
1	1	0	0	1	
1	1	0	1	1	
0	0	0	0	1	
0	0	0	0	1	
20.2.3.0
0	1	1	1	1	
1	1	0	0	1	
1	1	0	1	1	
0	0	0	0	1	
0	0	0	0	1	
20.2.3.1
0	1	1	1	1	
1	1	0	0	1	
1	1	0	1	1	
0	0	0	0	1	
0	0	0	0	1	
20.2.3.2
0	1	1	1	1	
1	1	0	0	1	
1	1	0	1	1	
0	0	0	0	1	
0	0	0	0	1	
20.2.3.3
0	1	1	1	1	
1	1	0	0	1	
1	1	0	1	1	
0	0	0	0	1	
0	0	0	0	1	
20.2.2.0
0	1	1	1	1	
1	1	0	0	1	
1	1	0	1	1	
0	0	0	0	1	
0	0	0	0	1	
20.2.2.1
0	1	1	1	1	
1	1	0	0	1	
1	1	0	1	1	
0	0	0	0	1	
0	0	0	0	1	
20.2.2.2
0	1	1	1	1	
1	1	0	0	1	
1	1	0	1	1	
0	0	0	0	1	
0	0	0	0	1	
20.2.2.3
0	1	1	1	1	
1	1	0	0	1	
1	1	0	1	1	
0	0	0	0	1	
0	0	0	0	1	
20.3.5.0
0	1	1	1	1	
1	1	0	0	1	
1	1	0	1	1	
0	0	0	0	1	
0	0	0	0	1	
20.3.5.1
0	1	1	1	1	
1	1	0	0	1	
1	1	0	1	1	
0	0	0	0	1	
0	0	0	0	1	
20.3.5.2
0	1	1	1	1	
1	1	0	0	1	
1	1	0	1	1	
0	0	0	0	1	
0	0	0	0	1	
20.3.5.3
0	1	1	1	1	
1	1	0	0	1	
1	1	0	1	1	
0	0	0	0	1	
0	0	0	0	1	
20.3.4.0
0	1	1	1	1	
1	1	0	0	1	
1	1	0	1	1	
0	0	0	0	1	
0	0	0	0	1	
20.3.4.1
0	1	1	1	1	
1	1	0	0	1	
1	1	0	1	1	
0	0	0	0	1	
0	0	0	0	1	
20.3.4.2
0	1	1	1	1	
1	1	0	0	1	
1	1	0	1	1	
0	0	0	0	1	
0	0	0	0	1	
20.3.4.3
0	1	1	1	1	
1	1	0	0	1	
1	1	0	1	1	
0	0	0	0	1	
0	0	0	0	1	
20.3.3.0
0	1	1	1	1	
1	1	0	0	1	
1	1	0	1	1	
0	0	0	0	1	
0	0	0	0	1	
20.3.3.1
0	1	1	1	1	
1	1	0	0	1	
1	1	0	1	1	
0	0	0	0	1	
0	0	0	0	1	
20.3.3.2
0	1	1	1	1	
1	1	0	0	1	
1	1	0	1	1	
0	0	0	0	1	
0	0	0	0	1	
20.3.3.3
0	1	1	1	1	
1	1	0	0	1	
1	1	0	1	1	
0	0	0	0	1	
0	0	0	0	1	
20.3.2.0
0	1	1	1	1	
1	1	0	0	1	
1	1	0	1	1	
0	0	0	0	1	
0	0	0	0	1	
20.3.2.1
0	1	1	1	1	
1	1	0	0	1	
1	1	0	1	1	
0	0	0	0	1	
0	0	0	0	1	
20.3.2.2
0	1	1	1	1	
1	1	0	0	1	
1	1	0	1	1	
0	0	0	0	1	
0	0	0	0	1	
20.3.2.3
0	1	1	1	1	
1	1	0	0	1	
1	1	0	1	1	
0	0	0	0	1	
0	0	0	0	1	
